0.569528012918 0.005041907376 -124.404078072711 0.490329917053 0.000017446373 0.005041907376
0.606002976133 0.005134678726 -114.914394003406 0.529188362014 0.000017604828 0.005134678726
0.638160746708 0.005216538843 -106.374327947274 0.563668746220 0.000017744399 0.005216538843
0.666634679301 0.005289139471 -98.679989033396 0.594389802322 0.000017868017 0.005289139471
0.691950732552 0.005353834261 -91.736503799489 0.621869205952 0.000017978064 0.005353834261
0.714547441881 0.005411740055 -85.458773544489 0.646541510680 0.000018076494 0.005411740055
0.761411003064 0.005532520559 -72.203357694876 0.698207635997 0.000018281678 0.005532520559
0.797756702034 0.005627118708 -61.708261743941 0.738829652717 0.000018442377 0.005627118708
0.826473848635 0.005702693565 -53.285992430219 0.771349109531 0.000018570856 0.005702693565
0.849535704130 0.005764109700 -46.440393851034 0.797797176447 0.000018675395 0.005764109700
0.868322761423 0.005814764581 -40.810258562500 0.819609103580 0.000018761757 0.005814764581
0.883822113099 0.005857088940 -36.129469238013 0.837820644135 0.000018834050 0.005857088940
0.896753575637 0.005892859263 -32.199412991005 0.853193661828 0.000018895271 0.005892859263
0.907651442721 0.005923398635 -28.869926538734 0.866298319083 0.000018947652 0.005923398635
0.916918692719 0.005949709205 -26.026050371626 0.877568034344 0.000018992879 0.005949709205
0.924863691121 0.005972561584 -23.578728037564 0.887336979931 0.000019032249 0.005972561584
0.937691785862 0.006010167917 -19.609249496945 0.903361786997 0.000019097255 0.006010167917
0.947503297889 0.006039680519 -16.558127065618 0.915879604639 0.000019148501 0.006039680519
0.955172678660 0.006063341423 -14.163971880810 0.925867218857 0.000019189769 0.006063341423
0.961279718739 0.006082656802 -12.251717621416 0.933980818847 0.000019223605 0.006082656802
0.966220905239 0.006098670633 -10.700705158360 0.940674853431 0.000019251775 0.006098670633
0.970274692191 0.006112126205 -9.425666826540 0.946272428713 0.000019275542 0.006112126205
0.973641223969 0.006123565181 -8.365005655801 0.951008579984 0.000019295825 0.006123565181
0.976467315086 0.006133390409 -7.473350244011 0.955057743696 0.000019313312 0.006133390409
0.978862616175 0.006141906925 -6.716697131982 0.958551700729 0.000019328524 0.006141906925
0.980910345019 0.006149349418 -6.069164607548 0.961591594065 0.000019341864 0.006149349418
0.984205272039 0.006161706616 -5.025917911788 0.966607479096 0.000019364120 0.006161706616
0.986715851977 0.006171520550 -4.229893498779 0.970558848959 0.000019381905 0.006171520550
0.988672491593 0.006179479827 -3.608817828515 0.973739100493 0.000019396410 0.006179479827
0.990226852965 0.006186049685 -3.114993020386 0.976345389932 0.000019408446 0.006186049685
0.991482057737 0.006191554621 -2.715919765879 0.978514496063 0.000019418580 0.006191554621
0.992510196079 0.006196227198 -2.388840282299 0.980343932425 0.000019427220 0.006196227198
0.993362889603 0.006200238050 -2.117435873615 0.981904876481 0.000019434669 0.006200238050
0.994077886902 0.006203714951 -1.889759641373 0.983250361727 0.000019441150 0.006203714951
0.994683307164 0.006206755316 -1.696903589609 0.984420624583 0.000019446839 0.006206755316
0.995200443491 0.006209434608 -1.532116578441 0.985446686417 0.000019451870 0.006209434608
0.995645658522 0.006211812117 -1.390206988933 0.986352809325 0.000019456348 0.006211812117
0.996031693295 0.006213935025 -1.267129761805 0.987158214829 0.000019460359 0.006213935025
0.996368588050 0.006215841311 -1.159695553089 0.987878309181 0.000019463971 0.006215841311
0.996664341088 0.006217561867 -1.065362429979 0.988525571636 0.000019467240 0.006217561867
0.996925387485 0.006219122060 -0.982084391320 0.989110208214 0.000019470211 0.006219122060
0.997458167240 0.006222450477 -0.812074375030 0.990349656438 0.000019476576 0.006222450477
0.997863586377 0.006225144829 -0.682663519982 0.991344629957 0.000019481756 0.006225144829
0.998179222602 0.006227368271 -0.581885550724 0.992159575091 0.000019486051 0.006227368271
0.998429752591 0.006229232895 -0.501878076666 0.992838406220 0.000019489667 0.006229232895
0.998631923431 0.006230818126 -0.437302826631 0.993412005444 0.000019492754 0.006230818126
0.998797424640 0.006232181744 -0.384432302295 0.993902680544 0.000019495417 0.006232181744
0.998934616063 0.006233366743 -0.340599938201 0.994326922141 0.000019497739 0.006233366743
0.999049604335 0.006234405748 -0.303857374881 0.994697168046 0.000019499781 0.006234405748
0.999146934191 0.006235323950 -0.272754263506 0.995022966208 0.000019501589 0.006235323950
0.999230044414 0.006236141095 -0.246192982382 0.995311761404 0.000019503203 0.006236141095
0.999363583200 0.006237531904 -0.203510652344 0.995800713308 0.000019505957 0.006237531904
0.999465171033 0.006238670949 -0.171036706252 0.996198610563 0.000019508221 0.006238670949
0.999544243509 0.006239620573 -0.145757601574 0.996528497947 0.000019510115 0.006239620573
0.999606993924 0.006240424184 -0.125694934679 0.996806298099 0.000019511722 0.006240424184
0.999657623817 0.006241112915 -0.109506338657 0.997043352552 0.000019513103 0.006241112915
0.999699064946 0.006241709663 -0.096255008062 0.997247951293 0.000019514301 0.006241709663
0.999733413421 0.006242231637 -0.085271082132 0.997426290002 0.000019515352 0.006242231637
0.999762200043 0.006242692019 -0.076065309409 0.997583089445 0.000019516280 0.006242692019
0.999786563858 0.006243101069 -0.068273615279 0.997722008021 0.000019517106 0.006243101069
0.999807366580 0.006243466897 -0.061620548368 0.997845923606 0.000019517846 0.006243466897
0.999840788469 0.006244093610 -0.050931184937 0.998057479504 0.000019519116 0.006244093610
0.999866210890 0.006244610865 -0.042799888106 0.998231375588 0.000019520166 0.006244610865
0.999885997020 0.006245044986 -0.036471078983 0.998376813370 0.000019521049 0.006245044986
0.999901697721 0.006245414496 -0.031448862448 0.998500229985 0.000019521802 0.006245414496
0.999914364943 0.006245732800 -0.027396849749 0.998606261725 0.000019522452 0.006245732800
0.999924732631 0.006246009841 -0.024080330551 0.998698331467 0.000019523018 0.006246009841
0.999933325475 0.006246253144 -0.021331504331 0.998779020594 0.000019523516 0.006246253144
0.999940526627 0.006246468512 -0.019027831209 0.998850312206 0.000019523957 0.006246468512
0.999946621160 0.006246660492 -0.017078135147 0.998913754702 0.000019524350 0.006246660492
0.999951824726 0.006246832693 -0.015413441860 0.998970574541 0.000019524703 0.006246832693
0.999956302893 0.006246988021 -0.013980793755 0.999021755670 0.000019525022 0.006246988021
0.999960184484 0.006247128837 -0.012738985591 0.999068096572 0.000019525311 0.006247128837
0.999963570946 0.006247257083 -0.011655568242 0.999110251947 0.000019525575 0.006247257083
0.999966543042 0.006247374370 -0.010704707218 0.999148763649 0.000019525816 0.006247374370
0.999969165718 0.006247482043 -0.009865628203 0.999184083970 0.000019526037 0.006247482043
0.999974516493 0.006247716202 -0.008153717332 0.999260779063 0.000019526519 0.006247716202
0.999978586336 0.006247910531 -0.006851600587 0.999324306675 0.000019526920 0.006247910531
0.999981753722 0.006248074394 -0.005838203318 0.999377787426 0.000019527258 0.006248074394
0.999984267007 0.006248214433 -0.005034073850 0.999423428591 0.000019527547 0.006248214433
0.999986294640 0.006248335489 -0.004385322627 0.999462835310 0.000019527797 0.006248335489
0.999987954138 0.006248441177 -0.003854352659 0.999497202716 0.000019528015 0.006248441177
0.999988307514 0.006248464575 -0.003741286701 0.999504806765 0.000019528064 0.006248464575
0.999990482105 0.006248616832 -0.003045500059 0.999554246355 0.000019528379 0.006248616832
0.999991457557 0.006248690609 -0.002733389666 0.999578176704 0.000019528531 0.006248690609
0.999992290391 0.006248756915 -0.002466910350 0.999599669414 0.000019528669 0.006248756915
0.999993628345 0.006248871237 -0.002038806184 0.999636693654 0.000019528905 0.006248871237
0.999994645986 0.006248966304 -0.001713189593 0.999667450875 0.000019529102 0.006248966304
0.999995437961 0.006249046603 -0.001459777937 0.999693407824 0.000019529269 0.006249046603
0.999996066376 0.006249115327 -0.001258699921 0.999715606736 0.000019529411 0.006249115327
0.999996573355 0.006249174810 -0.001096477924 0.999734808533 0.000019529535 0.006249174810
