0.707106781187 0.004501581581 -111.072073453964 0.707106781187 0.000011870515 0.004501581581
0.733051871830 0.004546619842 -101.753603626342 0.733051871830 0.000011927948 0.004546619842
0.755749574354 0.004585870205 -93.513894131226 0.755749574354 0.000011977907 0.004585870205
0.775711290704 0.004620275230 -86.200923898423 0.775711290704 0.000012021629 0.004620275230
0.793353340291 0.004650594748 -79.686684715108 0.793353340291 0.000012060106 0.004650594748
0.809016994375 0.004677446419 -73.863273219619 0.809016994375 0.000012094140 0.004677446419
0.841253532831 0.004732511219 -61.762662558155 0.841253532831 0.000012163812 0.004732511219
0.866025403784 0.004774648293 -52.359877559830 0.866025403784 0.000012217018 0.004774648293
0.885456025653 0.004807594350 -44.922181638328 0.885456025653 0.000012258553 0.004807594350
0.900968867902 0.004833831927 -38.945313352108 0.900968867902 0.000012291591 0.004833831927
0.913545457643 0.004855061046 -34.074689328872 0.913545457643 0.000012318295 0.004855061046
0.923879532511 0.004872476792 -30.055886494217 0.923879532511 0.000012340185 0.004872476792
0.932472229404 0.004886938730 -26.702921521508 0.932472229404 0.000012358351 0.004886938730
0.939692620786 0.004899077680 -23.877510436703 0.939692620786 0.000012373590 0.004899077680
0.945817241701 0.004909364927 -21.475230885851 0.945817241701 0.000012386499 0.004909364927
0.951056516295 0.004918158215 -19.416110387255 0.951056516295 0.000012397529 0.004918158215
0.959492973614 0.004932304196 -16.092526015456 0.959492973614 0.000012415265 0.004932304196
0.965925826289 0.004943079647 -13.551733511720 0.965925826289 0.000012428768 0.004943079647
0.970941817426 0.004951475221 -11.566651274073 0.970941817426 0.000012439285 0.004951475221
0.974927912182 0.004958142921 -9.986716162673 0.974927912182 0.000012447635 0.004958142921
0.978147600734 0.004963525998 -8.708984539580 0.978147600734 0.000012454374 0.004963525998
0.980785280403 0.004967934256 -7.661179030404 0.980785280403 0.000012459892 0.004967934256
0.982973099684 0.004971589489 -6.791366297332 0.982973099684 0.000012464467 0.004971589489
0.984807753012 0.004974653850 -6.061464880752 0.984807753012 0.000012468301 0.004974653850
0.986361303403 0.004977248103 -5.443043743648 0.986361303403 0.000012471547 0.004977248103
0.987688340595 0.004979463676 -4.914533661386 0.987688340595 0.000012474319 0.004979463676
0.989821441881 0.004983024197 -4.064502276511 0.989821441881 0.000012478773 0.004983024197
0.991444861374 0.004985733287 -3.417167721496 0.991444861374 0.000012482162 0.004985733287
0.992708874098 0.004987842206 -2.912901147525 0.992708874098 0.000012484799 0.004987842206
0.993712209893 0.004989515950 -2.512476968494 0.993712209893 0.000012486892 0.004989515950
0.994521895368 0.004990866487 -2.189239015285 0.994521895368 0.000012488581 0.004990866487
0.995184726672 0.004991971965 -1.924562049908 0.995184726672 0.000012489963 0.004991971965
0.995734176295 0.004992888270 -1.705115295581 0.995734176295 0.000012491109 0.004992888270
0.996194698092 0.004993656220 -1.521154672968 0.996194698092 0.000012492069 0.004993656220
0.996584493007 0.004994306191 -1.365424553022 0.996584493007 0.000012492882 0.004994306191
0.996917333733 0.004994861166 -1.232432593729 0.996917333733 0.000012493576 0.004994861166
0.997203797181 0.004995338793 -1.117959585777 0.997203797181 0.000012494173 0.004995338793
0.997452114610 0.004995752803 -1.018721153872 0.997452114610 0.000012494691 0.004995752803
0.997668769191 0.004996114011 -0.932129845607 0.997668769191 0.000012495142 0.004996114011
0.997858923239 0.004996431029 -0.856124959630 0.997858923239 0.000012495538 0.004996431029
0.998026728428 0.004996710781 -0.789048939474 0.998026728428 0.000012495888 0.004996710781
0.998369103926 0.004997281544 -0.652181050213 0.998369103926 0.000012496602 0.004997281544
0.998629534755 0.004997715683 -0.548060852171 0.998629534755 0.000012497144 0.004997715683
0.998832226832 0.004998053560 -0.467018332884 0.998832226832 0.000012497567 0.004998053560
0.998993066541 0.004998321665 -0.402705775525 0.998993066541 0.000012497902 0.004998321665
0.999122830099 0.004998537965 -0.350816656320 0.999122830099 0.000012498172 0.004998537965
0.999229036241 0.004998714994 -0.308345871925 0.999229036241 0.000012498394 0.004998714994
0.999317060143 0.004998861715 -0.273144844753 0.999317060143 0.000012498577 0.004998861715
0.999390827019 0.004998984670 -0.243644449899 0.999390827019 0.000012498731 0.004998984670
0.999453257341 0.004999088729 -0.218677132948 0.999453257341 0.000012498861 0.004999088729
0.999506560366 0.004999177574 -0.197359619927 0.999506560366 0.000012498972 0.004999177574
0.999592192828 0.004999320303 -0.163111780707 0.999592192828 0.000012499150 0.004999320303
0.999657324976 0.004999428862 -0.137062180829 0.999657324976 0.000012499286 0.004999428862
0.999708014080 0.004999513347 -0.116788683872 0.999708014080 0.000012499392 0.004999513347
0.999748234943 0.004999580385 -0.100701797075 0.999748234943 0.000012499475 0.004999580385
0.999780683475 0.004999634467 -0.087723403272 0.999780683475 0.000012499543 0.004999634467
0.999807240482 0.004999678730 -0.077101329996 0.999807240482 0.000012499598 0.004999678730
0.999829250458 0.004999715414 -0.068297873019 0.999829250458 0.000012499644 0.004999715414
0.999847695156 0.004999746156 -0.060920390945 0.999847695156 0.000012499683 0.004999746156
0.999863304992 0.004999772173 -0.054676757277 0.999863304992 0.000012499715 0.004999772173
0.999876632482 0.004999794386 -0.049345992674 0.999876632482 0.000012499743 0.004999794386
0.999898043009 0.004999830071 -0.040782103197 0.999898043009 0.000012499788 0.004999830071
0.999914327574 0.004999857212 -0.034268481071 0.999914327574 0.000012499822 0.004999857212
0.999927000856 0.004999878334 -0.029199302492 0.999927000856 0.000012499848 0.004999878334
0.999937056755 0.004999895094 -0.025177033993 0.999937056755 0.000012499869 0.004999895094
0.999945169366 0.004999908615 -0.021932053366 0.999945169366 0.000012499886 0.004999908615
0.999951808959 0.004999919681 -0.019276261442 0.999951808959 0.000012499900 0.004999919681
0.999957311703 0.004999928853 -0.017075197166 0.999957311703 0.000012499911 0.004999928853
0.999961923064 0.004999936538 -0.015230677674 0.999961923064 0.000012499921 0.004999936538
0.999965825664 0.004999943043 -0.013669656471 0.999965825664 0.000012499929 0.004999943043
0.999969157645 0.004999948596 -0.012336878667 0.999969157645 0.000012499936 0.004999948596
0.999972025061 0.004999953375 -0.011189923319 0.999972025061 0.000012499942 0.004999953375
0.999974510427 0.004999957517 -0.010195785686 0.999974510427 0.000012499947 0.004999957517
0.999976678719 0.004999961131 -0.009328476065 0.999976678719 0.000012499951 0.004999961131
0.999978581664 0.004999964303 -0.008567303765 0.999978581664 0.000012499955 0.004999964303
0.999980260856 0.004999967101 -0.007895631569 0.999980260856 0.000012499959 0.004999967101
0.999983686649 0.004999972811 -0.006525322798 0.999983686649 0.000012499966 0.004999972811
0.999986292247 0.004999977154 -0.005483088502 0.999986292247 0.000012499971 0.004999977154
0.999988320018 0.004999980533 -0.004671983894 0.999988320018 0.000012499976 0.004999980533
0.999989928992 0.004999983215 -0.004028396436 0.999989928992 0.000012499979 0.004999983215
0.999991227031 0.004999985378 -0.003509182414 0.999991227031 0.000012499982 0.004999985378
0.999992289381 0.004999987149 -0.003084243448 0.999992289381 0.000012499984 0.004999987149
0.999992515597 0.004999987526 -0.002993757364 0.999992515597 0.000012499984 0.004999987526
0.999993907658 0.004999989846 -0.002436934409 0.999993907658 0.000012499987 0.004999989846
0.999994532080 0.004999990887 -0.002187165964 0.999994532080 0.000012499989 0.004999990887
0.999995065202 0.004999991775 -0.001973917633 0.999995065202 0.000012499990 0.004999991775
0.999995921654 0.004999993203 -0.001631337353 0.999995921654 0.000012499992 0.004999993203
0.999996573056 0.004999994288 -0.001370776823 0.999996573056 0.000012499993 0.004999994288
0.999997080000 0.004999995133 -0.001167999384 0.999997080000 0.000012499994 0.004999995133
0.999997482245 0.004999995804 -0.001007101645 0.999997482245 0.000012499995 0.004999995804
0.999997806755 0.004999996345 -0.000877297528 0.999997806755 0.000012499995 0.004999996345
