0.019689798550 0.006170540601 -152.251986693472 -0.019080851495 0.000039730476 0.006170540601
0.092176512801 0.006470478569 -144.809668399349 0.053457259585 0.000040563952 0.006470478569
0.157824682472 0.006737445531 -137.388268725033 0.119340483592 0.000041299817 0.006737445531
0.217290187305 0.006975832057 -130.148776500438 0.179176756449 0.000041952390 0.006975832057
0.271199231296 0.007189384916 -123.188168418925 0.233555699902 0.000042533543 0.007189384916
0.320131671266 0.007381299769 -116.560813896637 0.283029211861 0.000043053165 0.007381299769
0.424017777407 0.007783364231 -101.578480495095 0.388450999386 0.000044134145 0.007783364231
0.506777414797 0.008099170000 -88.817337639331 0.472851690835 0.000044976507 0.008099170000
0.573489559894 0.008351366657 -78.035204839124 0.541198369572 0.000045645361 0.008351366657
0.627893967441 0.008555779313 -68.932373192810 0.597175369229 0.000046185224 0.008555779313
0.672751725748 0.008723675822 -61.226118601929 0.643518407483 0.000046627288 0.008723675822
0.710118022628 0.008863227135 -54.672840959258 0.682273373375 0.000046993896 0.008863227135
0.741538621002 0.008980460976 -49.070503625306 0.714985256081 0.000047301376 0.008980460976
0.768189203205 0.009079895181 -44.254307873177 0.742833352540 0.000047561872 0.009079895181
0.790974060780 0.009164965739 -40.090675319305 0.766727670014 0.000047784567 0.009164965739
0.810596356264 0.009238321124 -36.471429928636 0.787377922845 0.000047976503 0.009238321124
0.842449054752 0.009357717665 -30.531230230187 0.821068591429 0.000048288826 0.009357717665
0.866951552617 0.009449994319 -25.907695976844 0.847159530798 0.000048530254 0.009449994319
0.886187742547 0.009522842506 -22.245370014739 0.867777347434 0.000048720979 0.009522842506
0.901556823941 0.009581405815 -19.298915307037 0.884356324444 0.000048874458 0.009581405815
0.914024880100 0.009629228536 -16.895409126936 0.897890952832 0.000048999943 0.009629228536
0.924275512054 0.009668817111 -14.910531236448 0.909087769652 0.000049103966 0.009668817111
0.932803020625 0.009701984669 -13.253252676719 0.918459640031 0.000049191250 0.009701984669
0.939971756531 0.009730069240 -11.855794344961 0.926386016956 0.000049265275 0.009730069240
0.946054923518 0.009754075875 -10.666910824089 0.933152467471 0.000049328655 0.009754075875
0.951260550459 0.009774771529 -9.647312810587 0.938977210289 0.000049383387 0.009774771529
0.959646574768 0.009808476128 -8.000477616452 0.948441397842 0.000049472747 0.009808476128
0.966044321011 0.009834575910 -6.740512061425 0.955745577201 0.000049542186 0.009834575910
0.971035130209 0.009855241309 -5.755463491177 0.961508621379 0.000049597358 0.009855241309
0.975002696731 0.009871914626 -4.971014899749 0.966141686885 0.000049642025 0.009871914626
0.978208451962 0.009885585620 -4.336303081802 0.969926723119 0.000049678772 0.009885585620
0.980835453501 0.009896952461 -3.815586155116 0.973062405214 0.000049709428 0.009896952461
0.983014952587 0.009906519510 -3.383163617779 0.975692070489 0.000049735314 0.009906519510
0.984843027421 0.009914658785 -3.020177777030 0.977921289821 0.000049757406 0.009914658785
0.986391308291 0.009921649776 -2.712541780985 0.979829248912 0.000049776440 0.009921649776
0.987714075025 0.009927705911 -2.449563248716 0.981476313434 0.000049792978 0.009927705911
0.988853063358 0.009932992562 -2.223009231499 0.982909174509 0.000049807458 0.009932992562
0.989840787585 0.009937639561 -2.026458081539 0.984164421142 0.000049820222 0.009937639561
0.990702880498 0.009941750048 -1.854841966519 0.985271066774 0.000049831544 0.009941750048
0.991459769121 0.009945406851 -1.704118597646 0.986252366272 0.000049841643 0.009945406851
0.992127893198 0.009948677139 -1.571032122802 0.987127142636 0.000049850699 0.009948677139
0.993491650456 0.009955499407 -1.299264010074 0.988942396085 0.000049869672 0.009955499407
0.994529534845 0.009960856446 -1.092330140167 0.990357141054 0.000049884660 0.009960856446
0.995337644832 0.009965156008 -0.931144592624 0.991484541951 0.000049896758 0.009965156008
0.995979106981 0.009968670953 -0.803157867026 0.992399963732 0.000049906701 0.009968670953
0.996496773026 0.009971589907 -0.699844605375 0.993155261175 0.000049914999 0.009971589907
0.996920559028 0.009974046935 -0.615249359513 0.993787119771 0.000049922017 0.009974046935
0.997271862649 0.009976139629 -0.545110320222 0.994322124581 0.000049928020 0.009976139629
0.997566315979 0.009977940532 -0.486312719935 0.994779949341 0.000049933208 0.009977940532
0.997815553858 0.009979504561 -0.436537449892 0.995175424324 0.000049937732 0.009979504561
0.998028380406 0.009980873973 -0.394029110772 0.995519913177 0.000049941708 0.009980873973
0.998370345237 0.009983154018 -0.325718283730 0.996089399541 0.000049948361 0.009983154018
0.998630490975 0.009984971478 -0.273743662338 0.996539243439 0.000049953699 0.009984971478
0.998832978987 0.009986450668 -0.233283591628 0.996902310676 0.000049958069 0.009986450668
0.998993668798 0.009987675731 -0.201172261939 0.997200685444 0.000049961708 0.009987675731
0.999123319783 0.009988705474 -0.175261460463 0.997449696118 0.000049964781 0.009988705474
0.999229439748 0.009989582135 -0.154051912200 0.997660279855 0.000049967409 0.009989582135
0.999317396563 0.009990336771 -0.136471518011 0.997840428629 0.000049969681 0.009990336771
0.999391110436 0.009990992689 -0.121737216563 0.997996104693 0.000049971663 0.009990992689
0.999453498329 0.009991567699 -0.109266283142 0.998131837880 0.000049973407 0.009991567699
0.999506766989 0.009992075626 -0.098617833574 0.998251125734 0.000049974952 0.009992075626
0.999592348074 0.009992931570 -0.081509323473 0.998450758241 0.000049977569 0.009992931570
0.999657444559 0.009993624161 -0.068495220142 0.998610914684 0.000049979697 0.009993624161
0.999708108139 0.009994195502 -0.058366127761 0.998742025333 0.000049981461 0.009994195502
0.999748310253 0.009994674499 -0.050328307867 0.998851190368 0.000049982946 0.009994674499
0.999780744706 0.009995081620 -0.043843334019 0.998943398707 0.000049984213 0.009995081620
0.999807290936 0.009995431749 -0.038535530150 0.999022251562 0.000049985307 0.009995431749
0.999829292523 0.009995735958 -0.034136318201 0.999090409448 0.000049986260 0.009995735958
0.999847730593 0.009996002643 -0.030449565333 0.999149877960 0.000049987098 0.009996002643
0.999863335123 0.009996238286 -0.027329339994 0.999202195992 0.000049987840 0.009996238286
0.999876658316 0.009996447966 -0.024665246710 0.999248562966 0.000049988502 0.009996447966
0.999888124127 0.009996635719 -0.022372526051 0.999289926844 0.000049989096 0.009996635719
0.999898062419 0.009996804788 -0.020385229037 0.999327046265 0.000049989632 0.009996804788
0.999906732951 0.009996957814 -0.018651421330 0.999360535225 0.000049990118 0.009996957814
0.999914342525 0.009997096961 -0.017129755585 0.999390895752 0.000049990561 0.009997096961
0.999921057431 0.009997224026 -0.015786983399 0.999418542142 0.000049990966 0.009997224026
0.999934757065 0.009997498092 -0.013047451395 0.999477912460 0.000049991841 0.009997498092
0.999945177020 0.009997723166 -0.010963730285 0.999526393372 0.000049992563 0.009997723166
0.999953286364 0.009997911259 -0.009342052446 0.999566709569 0.000049993167 0.009997911259
0.999959720992 0.009998070763 -0.008055265568 0.999600751098 0.000049993681 0.009998070763
0.999964912198 0.009998207718 -0.007017127459 0.999629869041 0.000049994123 0.009998207718
0.999969160874 0.009998326576 -0.006167470499 0.999655054181 0.000049994507 0.009998326576
0.999970065590 0.009998352801 -0.005986543401 0.999660600055 0.000049994592 0.009998352801
0.999975632974 0.009998522647 -0.004873158673 0.999696421549 0.000049995143 0.009998522647
0.999978130309 0.009998604445 -0.004373729438 0.999713612058 0.000049995409 0.009998604445
0.999980262510 0.009998677679 -0.003947319729 0.999728968331 0.000049995647 0.009998677679
0.999983687891 0.009998803318 -0.003262288702 0.999755235767 0.000049996056 0.009998803318
0.999986293204 0.009998907188 -0.002741257177 0.999776876582 0.000049996395 0.009998907188
0.999988320770 0.009998994489 -0.002335766154 0.999795011431 0.000049996681 0.009998994489
0.999989929595 0.009999068889 -0.002014017435 0.999810426730 0.000049996924 0.009999068889
0.999991227521 0.009999133048 -0.001754444223 0.999823690439 0.000049997134 0.009999133048
