0.953040554685 0.001848683538 -45.614437962444 0.836884342236 0.000001903195 0.001848683538
0.957290791677 0.001856963875 -41.558954269234 0.846170333249 0.000001908360 0.001856963875
0.960990367456 0.001864405738 -38.018485688725 0.854495760755 0.000001913011 0.001864405738
0.964230251584 0.001871128264 -34.909821833193 0.861998550571 0.000001917219 0.001871128264
0.967083414635 0.001877229319 -32.165817271750 0.868791917342 0.000001921045 0.001877229319
0.969608929942 0.001882789994 -29.731827855210 0.874969582536 0.000001924537 0.001882789994
0.974785178475 0.001894746074 -24.727793968296 0.888203064356 0.000001932064 0.001894746074
0.978744827732 0.001904521918 -20.885419888747 0.898968400199 0.000001938239 0.001904521918
0.981840915375 0.001912658374 -17.871887818379 0.907886533869 0.000001943394 0.001912658374
0.984307238484 0.001919532317 -15.465326210495 0.915388511322 0.000001947761 0.001919532317
0.986303572117 0.001925414078 -13.513297962995 0.921782327068 0.000001951507 0.001925414078
0.987942090904 0.001930502420 -11.908309490274 0.927293568688 0.000001954755 0.001930502420
0.989303415141 0.001934946641 -10.572820974153 0.932091046645 0.000001957597 0.001934946641
0.990446686783 0.001938860990 -9.449773311242 0.936303473974 0.000001960105 0.001938860990
0.991416083968 0.001942334338 -8.496430595328 0.940030624709 0.000001962334 0.001942334338
0.992245142694 0.001945436829 -7.680276755928 0.943350982293 0.000001964328 0.001945436829
0.993579876010 0.001950742846 -6.364647992174 0.949009407694 0.000001967746 0.001950742846
0.994597575974 0.001955113048 -5.360053429918 0.953649784041 0.000001970568 0.001955113048
0.995391216911 0.001958774093 -4.575698321372 0.957522476602 0.000001972937 0.001958774093
0.996022037747 0.001961885104 -3.951638746544 0.960802358717 0.000001974954 0.001961885104
0.996531703837 0.001964561030 -3.447011588318 0.963615167846 0.000001976692 0.001964561030
0.996949360091 0.001966886945 -3.033186882800 0.966053572205 0.000001978204 0.001966886945
0.997295888132 0.001968927148 -2.689623813034 0.968187337239 0.000001979533 0.001968927148
0.997586565860 0.001970731127 -2.401276123843 0.970069968392 0.000001980709 0.001970731127
0.997832779516 0.001972337583 -2.156918746716 0.971743174206 0.000001981758 0.001972337583
0.998043155240 0.001973777216 -1.948040029730 0.973239939234 0.000001982698 0.001973777216
0.998381453505 0.001976250029 -1.611967436494 0.975804825970 0.000001984316 0.001976250029
0.998639052085 0.001978297285 -1.355903582435 0.977922371365 0.000001985657 0.001978297285
0.998839715781 0.001980020016 -1.156332204713 0.979699973212 0.000001986787 0.001980020016
0.998999064870 0.001981489645 -0.997781577785 0.981213255404 0.000001987752 0.001981489645
0.999127708545 0.001982758088 -0.869735019912 0.982516993233 0.000001988586 0.001982758088
0.999233057092 0.001983863977 -0.764841900025 0.983651825850 0.000001989314 0.001983863977
0.999320413184 0.001984836658 -0.677839190883 0.984648534917 0.000001989954 0.001984836658
0.999393652312 0.001985698817 -0.604878449957 0.985530859392 0.000001990522 0.001985698817
0.999455660073 0.001986468267 -0.543092962486 0.986317398783 0.000001991029 0.001986468267
0.999508620770 0.001987159191 -0.490311877418 0.987022931338 0.000001991485 0.001987159191
0.999554212420 0.001987783021 -0.444866940047 0.987659346636 0.000001991897 0.001987783021
0.999593741308 0.001988349074 -0.405459065522 0.988236317956 0.000001992270 0.001988349074
0.999628236598 0.001988865017 -0.371064478761 0.988761795334 0.000001992611 0.001988865017
0.999658517998 0.001989337220 -0.340867558760 0.989242372670 0.000001992923 0.001989337220
0.999685244910 0.001989771017 -0.314212044660 0.989683564892 0.000001993210 0.001989771017
0.999739790321 0.001990715387 -0.259802622787 0.990643038559 0.000001993834 0.001990715387
0.999781294637 0.001991500163 -0.218392430823 0.991439318261 0.000001994354 0.001991500163
0.999813606513 0.001992162640 -0.186147760132 0.992110759109 0.000001994792 0.001992162640
0.999839252920 0.001992729336 -0.160550614095 0.992684574243 0.000001995168 0.001992729336
0.999859948628 0.001993219619 -0.139891833769 0.993180605575 0.000001995493 0.001993219619
0.999876890456 0.001993647966 -0.122978229605 0.993613660653 0.000001995777 0.001993647966
0.999890934269 0.001994025414 -0.108956357108 0.993995013711 0.000001996027 0.001994025414
0.999902705225 0.001994360526 -0.097202713221 0.994333400000 0.000001996249 0.001994360526
0.999912668572 0.001994660046 -0.087253210286 0.994635692279 0.000001996448 0.001994660046
0.999921176329 0.001994929358 -0.078756654281 0.994907371997 0.000001996627 0.001994929358
0.999934846406 0.001995393960 -0.065103302520 0.995375780947 0.000001996935 0.001995393960
0.999945245843 0.001995780575 -0.054715457627 0.995765292782 0.000001997192 0.001995780575
0.999953340500 0.001996107317 -0.046629087711 0.996094290603 0.000001997409 0.001996107317
0.999959764339 0.001996387094 -0.040211328258 0.996375858609 0.000001997595 0.001996387094
0.999964947443 0.001996629352 -0.035032785501 0.996619562854 0.000001997756 0.001996629352
0.999969189917 0.001996841165 -0.030793800552 0.996832559150 0.000001997897 0.001996841165
0.999972706327 0.001997027932 -0.027280104731 0.997020307137 0.000001998021 0.001997027932
0.999975653374 0.001997193847 -0.024335201462 0.997187044699 0.000001998132 0.001997193847
0.999978147655 0.001997342218 -0.021842634398 0.997336111597 0.000001998230 0.001997342218
0.999980277382 0.001997475687 -0.019714294833 0.997470175405 0.000001998319 0.001997475687
0.999983699066 0.001997706081 -0.016294684902 0.997701524975 0.000001998472 0.001997706081
0.999986301812 0.001997897937 -0.013693376580 0.997894107985 0.000001998600 0.001997897937
0.999988327541 0.001998060178 -0.011668676645 0.998056914871 0.000001998708 0.001998060178
0.999989935016 0.001998199170 -0.010061956797 0.998196355635 0.000001998800 0.001998199170
0.999991231929 0.001998319576 -0.008765610523 0.998317123636 0.000001998881 0.001998319576
0.999992293417 0.001998424889 -0.007704555892 0.998422734179 0.000001998951 0.001998424889
0.999993173196 0.001998517782 -0.006825114150 0.998515872307 0.000001999012 0.001998517782
0.999993910492 0.001998600327 -0.006088084749 0.998598624246 0.000001999067 0.001998600327
0.999994534490 0.001998674164 -0.005464300091 0.998672635528 0.000001999117 0.001998674164
0.999995067268 0.001998740601 -0.004931694759 0.998739221510 0.000001999161 0.001998740601
0.999995525777 0.001998800698 -0.004473327021 0.998799446237 0.000001999201 0.001998800698
0.999995923206 0.001998855320 -0.004076014724 0.998854179717 0.000001999237 0.001998855320
0.999996269942 0.001998905184 -0.003729376824 0.998904140230 0.000001999270 0.001998905184
0.999996574252 0.001998950884 -0.003425148341 0.998949926016 0.000001999301 0.001998950884
0.999996842786 0.001998992923 -0.003156683096 0.998992039349 0.000001999329 0.001998992923
0.999997390653 0.001999084621 -0.002608948678 0.999083891080 0.000001999390 0.001999084621
0.999997807368 0.001999161014 -0.002192325372 0.999160400760 0.000001999441 0.001999161014
0.999998131681 0.001999225639 -0.001868077270 0.999225115979 0.000001999484 0.001999225639
0.999998389022 0.001999281020 -0.001610784714 0.999280568843 0.000001999521 0.001999281020
0.999998596637 0.001999329008 -0.001403206142 0.999328615056 0.000001999553 0.001999329008
0.999998766558 0.001999370991 -0.001233312546 0.999370645636 0.000001999581 0.001999370991
0.999998802741 0.001999380297 -0.001197134884 0.999379961515 0.000001999587 0.001999380297
0.999999025406 0.001999440949 -0.000974503269 0.999440676162 0.000001999627 0.001999440949
0.999999125286 0.001999470400 -0.000874636315 0.999470155053 0.000001999647 0.001999470400
0.999999210564 0.001999496903 -0.000789369737 0.999496682181 0.000001999665 0.001999496903
0.999999347564 0.001999542676 -0.000652386618 0.999542493121 0.000001999695 0.001999542676
0.999999451765 0.001999580814 -0.000548196433 0.999580660539 0.000001999721 0.001999580814
0.999999532860 0.001999613081 -0.000467109824 0.999612950105 0.000001999742 0.001999613081
0.999999597207 0.001999640735 -0.000402768633 0.999640622542 0.000001999761 0.001999640735
0.999999649120 0.001999664700 -0.000350860436 0.999664602084 0.000001999776 0.001999664700
