-1.000000000000 0.000000000000 -0.000000000100 -1.000000000000 0.000081056947 0.000000000000
-0.988830826225 0.000996274162 -22.296670880661 -0.988830826225 0.000088866216 0.000996274162
-0.959492973614 0.001972921678 -40.231315038700 -0.959492973614 0.000096092463 0.001972921678
-0.917211301506 0.002916745128 -54.417997262657 -0.917211301506 0.000102760429 0.002916745128
-0.866025403785 0.003819718634 -65.449846949757 -0.866025403785 0.000108903112 0.003819718634
-0.809016994375 0.004677446419 -73.863273219628 -0.809016994375 0.000114557339 0.004677446419
-0.654860733945 0.006615470427 -86.336629481625 -0.654860733945 0.000126802289 0.006615470427
-0.500000000000 0.008269933431 -90.689968211695 -0.500000000000 0.000136783598 0.008269933431
-0.354604887042 0.009672809698 -90.382774123315 -0.354604887042 0.000144970493 0.009672809698
-0.222520933956 0.010861521747 -87.509324762574 -0.222520933956 0.000151737403 0.010861521747
-0.104528463268 0.011871230675 -83.316871475284 -0.104528463268 0.000157376435 0.011871230675
0.000000000000 0.012732395447 -78.539816339750 0.000000000000 0.000162113894 0.012732395447
0.092268359463 0.013470461374 -73.604498192398 0.092268359463 0.000166125227 0.013470461374
0.173648177667 0.014106331970 -68.752551156922 0.173648177667 0.000169547063 0.014106331970
0.245485487141 0.014657060195 -64.114963239218 0.245485487141 0.000172486485 0.014657060195
0.309016994375 0.015136534573 -59.756643294832 0.309016994375 0.000175028040 0.015136534573
0.415415013002 0.015924967130 -51.958058074108 0.415415013002 0.000179173300 0.015924967130
0.500000000000 0.016539866863 -45.344984105856 0.500000000000 0.000182378131 0.016539866863
0.568064746731 0.017027653544 -39.776616417145 0.568064746731 0.000184903707 0.017027653544
0.623489801859 0.017420528314 -35.088514880954 0.623489801859 0.000186927449 0.017420528314
0.669130606359 0.017741275861 -31.128777656974 0.669130606359 0.000188572942 0.017741275861
0.707106781187 0.018006326323 -27.768018363490 0.707106781187 0.000189928241 0.018006326323
0.739008917221 0.018227738610 -24.899732762770 0.739008917221 0.000191057361 0.018227738610
0.766044443119 0.018414508579 -22.437520360109 0.766044443119 0.000192007697 0.018414508579
0.789140509396 0.018573447974 -20.311643641340 0.789140509396 0.000192814912 0.018573447974
0.809016994375 0.018709785676 -18.465818304905 0.809016994375 0.000193506242 0.018709785676
0.841253532831 0.018930044878 -15.440665639539 0.841253532831 0.000194620997 0.018930044878
0.866025403784 0.019098593171 -13.089969389957 0.866025403784 0.000195472291 0.019098593171
0.885456025653 0.019230377400 -11.230545409582 0.885456025653 0.000196136855 0.019230377400
0.900968867902 0.019335327706 -9.736328338027 0.900968867902 0.000196665450 0.019335327706
0.913545457643 0.019420244185 -8.518672332218 0.913545457643 0.000197092723 0.019420244185
0.923879532511 0.019489907168 -7.513971623554 0.923879532511 0.000197442966 0.019489907168
0.932472229404 0.019547754920 -6.675730380377 0.932472229404 0.000197733616 0.019547754920
0.939692620786 0.019596310721 -5.969377609176 0.939692620786 0.000197977447 0.019596310721
0.945817241701 0.019637459706 -5.368807721463 0.945817241701 0.000198183989 0.019637459706
0.951056516295 0.019672632862 -4.854027596814 0.951056516295 0.000198360468 0.019672632862
0.955572805786 0.019702932064 -4.409527097795 0.955572805786 0.000198512441 0.019702932064
0.959492973614 0.019729216783 -4.023131503864 0.959492973614 0.000198644241 0.019729216783
0.962917287348 0.019752165290 -3.685180670562 0.962917287348 0.000198759284 0.019752165290
0.965925826289 0.019772318589 -3.387933377930 0.965925826289 0.000198860291 0.019772318589
0.968583161129 0.019790112420 -3.125129290157 0.968583161129 0.000198949456 0.019790112420
0.974011916942 0.019826444072 -2.587493020388 0.974011916942 0.000199131465 0.019826444072
0.978147600734 0.019854103992 -2.177246134895 0.978147600734 0.000199269986 0.019854103992
0.981370126139 0.019875645898 -1.857181180913 0.981370126139 0.000199377842 0.019875645898
0.983929588599 0.019892748701 -1.602722939849 0.983929588599 0.000199463455 0.019892748701
0.985996037071 0.019906552795 -1.397118585418 0.985996037071 0.000199532545 0.019906552795
0.987688340595 0.019917854705 -1.228633415347 0.987688340595 0.000199589105 0.019917854705
0.989091608371 0.019927224366 -1.088851605811 0.989091608371 0.000199635989 0.019927224366
0.990268068742 0.019935078267 -0.971611536785 0.990268068742 0.000199675286 0.019935078267
0.991264069327 0.019941726473 -0.872318898009 0.991264069327 0.000199708547 0.019941726473
0.992114701314 0.019947403655 -0.787491931633 0.992114701314 0.000199736949 0.019947403655
0.993481735349 0.019956525990 -0.651117410699 0.993481735349 0.000199782583 0.019956525990
0.994521895368 0.019963465947 -0.547309753821 0.994521895368 0.000199817296 0.019963465947
0.995331634718 0.019968867868 -0.466472961406 0.995331634718 0.000199844315 0.019968867868
0.995974293995 0.019973154750 -0.402300277606 0.995974293995 0.000199865756 0.019973154750
0.996492859250 0.019976613590 -0.350508930508 0.996492859250 0.000199883054 0.019976613590
0.996917333733 0.019979444665 -0.308108148432 0.996917333733 0.000199897213 0.019979444665
0.997269173386 0.019981791173 -0.272958303252 0.997269173386 0.000199908948 0.019981791173
0.997564050260 0.019983757696 -0.243496028283 0.997564050260 0.000199918782 0.019983757696
0.997813627219 0.019985422056 -0.218557572831 0.997813627219 0.000199927105 0.019985422056
0.998026728428 0.019986843125 -0.197262234868 0.998026728428 0.000199934211 0.019986843125
0.998369103926 0.019989126177 -0.163045262553 0.998369103926 0.000199945628 0.019989126177
0.998629534755 0.019990862730 -0.137015213043 0.998629534755 0.000199954312 0.019990862730
0.998832226832 0.019992214239 -0.116754583221 0.998832226832 0.000199961070 0.019992214239
0.998993066541 0.019993286660 -0.100676443881 0.998993066541 0.000199966432 0.019993286660
0.999122830099 0.019994151859 -0.087704164080 0.999122830099 0.000199970758 0.019994151859
0.999229036241 0.019994859977 -0.077086467981 0.999229036241 0.000199974299 0.019994859977
0.999317060143 0.019995446860 -0.068286211188 0.999317060143 0.000199977234 0.019995446860
0.999390827019 0.019995938682 -0.060911112475 0.999390827019 0.000199979693 0.019995938682
0.999453257341 0.019996354916 -0.054669283237 0.999453257341 0.000199981774 0.019996354916
0.999506560366 0.019996710294 -0.049339904982 0.999506560366 0.000199983551 0.019996710294
0.999552432284 0.019997016126 -0.044753432736 0.999552432284 0.000199985080 0.019997016126
0.999592192828 0.019997281212 -0.040777945177 0.999592192828 0.000199986406 0.019997281212
0.999626881262 0.019997512480 -0.037309553343 0.999626881262 0.000199987562 0.019997512480
0.999657324976 0.019997715448 -0.034265545207 0.999657324976 0.000199988577 0.019997715448
0.999684189283 0.019997894551 -0.031579409292 0.999684189283 0.000199989473 0.019997894551
0.999738997023 0.019998259950 -0.026099162237 0.999738997023 0.000199991300 0.019998259950
0.999780683475 0.019998537868 -0.021930850818 0.999780683475 0.000199992689 0.019998537868
0.999813125737 0.019998754156 -0.018686844216 0.999813125737 0.000199993771 0.019998754156
0.999838867929 0.019998925775 -0.016112774354 0.999838867929 0.000199994629 0.019998925775
0.999859635577 0.019999064228 -0.014036113943 0.999859635577 0.000199995321 0.019999064228
0.999876632482 0.019999177543 -0.012336498169 0.999876632482 0.000199995888 0.019999177543
0.999880251797 0.019999201672 -0.011974581332 0.999880251797 0.000199996008 0.019999201672
0.999902524009 0.019999350156 -0.009747440707 0.999902524009 0.000199996751 0.019999350156
0.999912514478 0.019999416760 -0.008748424672 0.999912514478 0.000199997084 0.019999416760
0.999921044204 0.019999473625 -0.007895475716 0.999921044204 0.000199997368 0.019999473625
0.999934747127 0.019999564979 -0.006525216348 0.999934747127 0.000199997825 0.019999564979
0.999945169366 0.019999634461 -0.005483013342 0.999945169366 0.000199998172 0.019999634461
0.999953280343 0.019999688535 -0.004671929325 0.999953280343 0.000199998443 0.019999688535
0.999959716171 0.019999731440 -0.004028355866 0.999959716171 0.000199998657 0.019999731440
0.999964908278 0.019999766055 -0.003509151628 0.999964908278 0.000199998830 0.019999766055
