0.555570233020 0.005293299953 -130.606941284645 0.555570233020 0.000018012060 0.005293299953
0.593820185574 0.005378339982 -120.367546381414 0.593820185574 0.000018149187 0.005378339982
0.627469007381 0.005452684586 -111.189751623502 0.627469007381 0.000018268716 0.005452684586
0.657203678818 0.005518029068 -102.950404490580 0.657203678818 0.000018373508 0.005518029068
0.683592302023 0.005575750798 -95.538983704447 0.683592302023 0.000018465870 0.005575750798
0.707106781187 0.005626976976 -88.857658763167 0.707106781187 0.000018547680 0.005626976976
0.755749574354 0.005732337756 -74.811115304979 0.755749574354 0.000018715480 0.005732337756
0.793353340291 0.005813243435 -63.749347772087 0.793353340291 0.000018843916 0.005813243435
0.822983865894 0.005876670309 -54.911631849044 0.822983865894 0.000018944355 0.005876670309
0.846724199228 0.005927287440 -47.755087515849 0.846724199228 0.000019024355 0.005927287440
0.866025403784 0.005968310366 -41.887902047864 0.866025403784 0.000019089091 0.005968310366
0.881921264348 0.006002009666 -37.023413133469 0.881921264348 0.000019142204 0.006002009666
0.895163291355 0.006030024325 -32.948902210136 0.895163291355 0.000019186312 0.006030024325
0.906307787037 0.006053560686 -29.504320585722 0.906307787037 0.000019223337 0.006053560686
0.915773326655 0.006073522183 -26.567650422535 0.915773326655 0.000019254716 0.006073522183
0.923879532511 0.006090595990 -24.044709195374 0.923879532511 0.000019281540 0.006090595990
0.936949725000 0.006118084678 -19.961347260387 0.936949725000 0.000019324694 0.006118084678
0.946930129495 0.006139041577 -16.830531046171 0.946930129495 0.000019357568 0.006139041577
0.954720866509 0.006155380609 -14.378975514031 0.954720866509 0.000019383182 0.006155380609
0.960917321945 0.006168363609 -12.424348699215 0.960917321945 0.000019403526 0.006168363609
0.965925826289 0.006178849559 -10.841386809376 0.965925826289 0.000019419950 0.006178849559
0.970031253195 0.006187439473 -9.541809351900 0.970031253195 0.000019433401 0.006187439473
0.973438054361 0.006194563997 -8.461992538337 0.973438054361 0.000019444554 0.006194563997
0.976296007120 0.006200538199 -7.555167789931 0.976296007120 0.000019453905 0.006200538199
0.978716845327 0.006205596861 -6.786347488902 0.978716845327 0.000019461821 0.006205596861
0.980785280403 0.006209917820 -6.128943224323 0.980785280403 0.000019468581 0.006209917820
0.984111204336 0.006216863146 -5.070907427036 0.984111204336 0.000019479446 0.006216863146
0.986643332085 0.006222148752 -4.264593520996 0.986643332085 0.000019487713 0.006222148752
0.988615412208 0.006226264059 -3.636139831647 0.988615412208 0.000019494148 0.006226264059
0.990181125336 0.006229530589 -3.136887883768 0.990181125336 0.000019499256 0.006229530589
0.991444861374 0.006232166608 -2.733734177197 0.991444861374 0.000019503377 0.006232166608
0.992479534599 0.006234324494 -2.403527987043 0.992479534599 0.000019506751 0.006234324494
0.993337317924 0.006236113237 -2.129687565756 0.993337317924 0.000019509547 0.006236113237
0.994056338222 0.006237612458 -1.900085412523 0.994056338222 0.000019511891 0.006237612458
0.994664980113 0.006238881417 -1.705686744930 0.994664980113 0.000019513874 0.006238881417
0.995184726672 0.006239964956 -1.539649639926 0.995184726672 0.000019515568 0.006239964956
0.995632078941 0.006240897512 -1.396716316326 0.995632078941 0.000019517025 0.006240897512
0.996019880408 0.006241705882 -1.272792724016 0.996019880408 0.000019518289 0.006241705882
0.996358248251 0.006242411174 -1.164652718192 0.996358248251 0.000019519391 0.006242411174
0.996655239309 0.006243030194 -1.069726358924 0.996655239309 0.000019520358 0.006243030194
0.996917333733 0.006243576458 -0.985946074984 0.996917333733 0.000019521212 0.006243576458
0.997452114610 0.006244691003 -0.814976923097 0.997452114610 0.000019522954 0.006244691003
0.997858923239 0.006245538786 -0.684899967704 0.997858923239 0.000019524279 0.006245538786
0.998175554223 0.006246198609 -0.583645058267 0.998175554223 0.000019525310 0.006246198609
0.998426815018 0.006246722187 -0.503287157497 0.998426815018 0.000019526128 0.006246722187
0.998629534755 0.006247144603 -0.438448681737 0.998629534755 0.000019526788 0.006247144603
0.998795456205 0.006247490332 -0.385376612989 0.998795456205 0.000019527328 0.006247490332
0.998932974802 0.006247776873 -0.341387327997 0.998932974802 0.000019527776 0.006247776873
0.999048221582 0.006248017002 -0.304520770891 0.999048221582 0.000019528151 0.006248017002
0.999145758387 0.006248220229 -0.273318390547 0.999145758387 0.000019528469 0.006248220229
0.999229036241 0.006248393743 -0.246676697540 0.999229036241 0.000019528740 0.006248393743
0.999362825657 0.006248672497 -0.203874134142 0.999362825657 0.000019529176 0.006248672497
0.999464587476 0.006248884517 -0.171316717042 0.999464587476 0.000019529507 0.006248884517
0.999543784490 0.006249049522 -0.145977861931 0.999543784490 0.000019529765 0.006249049522
0.999606626383 0.006249180450 -0.125871303824 0.999606626383 0.000019529969 0.006249180450
0.999657324976 0.006249286077 -0.109649744663 0.999657324976 0.000019530134 0.006249286077
0.999698818696 0.006249372526 -0.096373179047 0.999698818696 0.000019530270 0.006249372526
0.999733208112 0.006249444174 -0.085369607918 0.999733208112 0.000019530382 0.006249444174
0.999762027080 0.006249504215 -0.076148313959 0.999762027080 0.000019530475 0.006249504215
0.999786416788 0.006249555029 -0.068344194809 0.999786416788 0.000019530555 0.006249555029
0.999807240482 0.006249598413 -0.061681063997 0.999807240482 0.000019530623 0.006249598413
0.999840693725 0.006249668108 -0.050976654436 0.999840693725 0.000019530731 0.006249668108
0.999866137910 0.006249721118 -0.042834913231 0.999866137910 0.000019530814 0.006249721118
0.999885939617 0.006249762372 -0.036498628530 0.999885939617 0.000019530879 0.006249762372
0.999901651760 0.006249795106 -0.031470921066 0.999901651760 0.000019530930 0.006249795106
0.999914327574 0.006249821515 -0.027414784857 0.999914327574 0.000019530971 0.006249821515
0.999924701839 0.006249843128 -0.024095109079 0.999924701839 0.000019531005 0.006249843128
0.999933299803 0.006249861041 -0.021343825617 0.999933299803 0.000019531033 0.006249861041
0.999940505000 0.006249876052 -0.019038211168 0.999940505000 0.000019531056 0.006249876052
0.999946602771 0.006249888755 -0.017086961099 0.999946602771 0.000019531076 0.006249888755
0.999951808959 0.006249899602 -0.015421009154 0.999951808959 0.000019531093 0.006249899602
0.999956289273 0.006249908936 -0.013987330780 0.999956289273 0.000019531108 0.006249908936
0.999960172638 0.006249917026 -0.012744671196 0.999960172638 0.000019531120 0.006249917026
0.999963560578 0.006249924084 -0.011660544093 0.999963560578 0.000019531131 0.006249924084
0.999966533917 0.006249930279 -0.010709086699 0.999966533917 0.000019531141 0.006249930279
0.999969157645 0.006249935745 -0.009869502934 0.999969157645 0.000019531150 0.006249935745
0.999974510427 0.006249946897 -0.008156628548 0.999974510427 0.000019531167 0.006249946897
0.999978581664 0.006249955378 -0.006853843012 0.999978581664 0.000019531180 0.006249955378
0.999981750047 0.006249961979 -0.005839967078 0.999981750047 0.000019531191 0.006249961979
0.999984264065 0.006249967217 -0.005035486037 0.999984264065 0.000019531199 0.006249967217
0.999986292247 0.006249971442 -0.004386470802 0.999986292247 0.000019531205 0.006249971442
0.999987952167 0.006249974900 -0.003855298736 0.999987952167 0.000019531211 0.006249974900
0.999988305629 0.006249975637 -0.003742191454 0.999988305629 0.000019531212 0.006249975637
0.999990480721 0.006249980168 -0.003046164532 0.999990480721 0.000019531219 0.006249980168
0.999991456380 0.006249982201 -0.002733954652 0.999991456380 0.000019531222 0.006249982201
0.999992289381 0.006249983936 -0.002467394759 0.999992289381 0.000019531225 0.006249983936
0.999993627587 0.006249986724 -0.002039170132 0.999993627587 0.000019531229 0.006249986724
0.999994645402 0.006249988845 -0.001713469928 0.999994645402 0.000019531233 0.006249988845
0.999995437501 0.006249990495 -0.001459998431 0.999995437501 0.000019531235 0.006249990495
0.999996066008 0.006249991804 -0.001258876462 0.999996066008 0.000019531237 0.006249991804
0.999996573056 0.006249992861 -0.001096621459 0.999996573056 0.000019531239 0.006249992861
