-0.729156186433 0.000073589635 -1.815751460669 -0.731468072997 0.000070080061 0.000073589635
-0.719181433437 0.000816151711 -18.265520460767 -0.743600635540 0.000076817568 0.000816151711
-0.695699051240 0.001562748443 -31.867167166109 -0.740331042396 0.000083156154 0.001562748443
-0.662312316640 0.002300803364 -42.926311915842 -0.725166116157 0.000089098122 0.002300803364
-0.621889549729 0.003021618774 -51.774621445375 -0.700995344254 0.000094655099 0.003021618774
-0.576678840784 0.003719400849 -58.734423987981 -0.670157579858 0.000099844354 0.003719400849
-0.453142137432 0.005342888062 -69.728517723246 -0.575216158403 0.000111345774 0.005342888062
-0.327107518948 0.006781512261 -74.367603617115 -0.469139179607 0.000121017694 0.006781512261
-0.207053141061 0.008041670573 -75.141403340371 -0.362521776103 0.000129179431 0.008041670573
-0.096568459084 0.009140758184 -73.645442612829 -0.260662966277 0.000136104377 0.009140758184
0.003269318798 0.010099021484 -70.878824453017 -0.165941410286 0.000142017092 0.010099021484
0.092620578318 0.010936043811 -67.459016326638 -0.079162396154 0.000147098811 0.010936043811
0.172210503493 0.011669403832 -63.763266112221 -0.000309559328 0.000151494905 0.011669403832
0.242979669924 0.012314325238 -60.018527687497 0.071039253470 0.000155321947 0.012314325238
0.305907331990 0.012883755300 -56.357924882396 0.135484127769 0.000158673693 0.012883755300
0.361926512394 0.013388607626 -52.856104301740 0.193680306950 0.000161625903 0.013388607626
0.456546297366 0.014239767686 -46.459793000258 0.293871571724 0.000166566702 0.014239767686
0.532522660042 0.014924886465 -40.917423649738 0.376229614463 0.000170515287 0.014924886465
0.594177636381 0.015484470165 -36.171738435898 0.444497951102 0.000173725249 0.015484470165
0.644746348941 0.015947626884 -32.121789485598 0.501600784768 0.000176374130 0.015947626884
0.686648376624 0.016335590148 -28.662366652851 0.549795656618 0.000178589010 0.016335590148
0.721703810767 0.016664090132 -25.698121454841 0.590824352920 0.000180462715 0.016664090132
0.751293745426 0.016944956064 -23.147406635482 0.626036923109 0.000182064307 0.016944956064
0.776476574835 0.017187210706 -20.942095113999 0.656487208416 0.000183446030 0.017187210706
0.798071715475 0.017397827950 -19.026003246561 0.683004581844 0.000184648006 0.017397827950
0.816719993054 0.017582264714 -17.352999720142 0.706247365736 0.000185701472 0.017582264714
0.847097484107 0.017889007073 -14.591522556597 0.744915714654 0.000187456393 0.017889007073
0.870561063399 0.018132760169 -12.427997886821 0.775618153171 0.000188854650 0.018132760169
0.889045160541 0.018330282864 -10.704889965935 0.800450880568 0.000189991079 0.018330282864
0.903856761861 0.018493036433 -9.312191518620 0.820860208434 0.000190930395 0.018493036433
0.915903037582 0.018629084244 -8.171630748645 0.837869711976 0.000191718085 0.018629084244
0.925828788918 0.018744240491 -7.226493689380 0.852220328637 0.000192386941 0.018744240491
0.934102073231 0.018842788939 -6.434978292176 0.864459288167 0.000192961137 0.018842788939
0.941069068030 0.018927946369 -5.765782184772 0.874998071074 0.000193458838 0.018927946369
0.946990126438 0.019002169475 -5.195121758441 0.884151099044 0.000193893935 0.019002169475
0.952064018908 0.019067362981 -4.704683239862 0.892162131443 0.000194277214 0.019067362981
0.956444571394 0.019125023803 -4.280190909167 0.899222633986 0.000194617162 0.019125023803
0.960252300123 0.019176342839 -3.910390861074 0.905484793047 0.000194920546 0.019176342839
0.963582686887 0.019222278099 -3.586319102493 0.911070888921 0.000195192815 0.019222278099
0.966512156774 0.019263608075 -3.300767205477 0.916080148766 0.000195438408 0.019263608075
0.969102457910 0.019300971251 -3.047887212889 0.920593826318 0.000195660971 0.019300971251
0.974402944204 0.019380278305 -2.529265190803 0.930122987879 0.000196135252 0.019380278305
0.978449328101 0.019444030480 -2.132276542236 0.937725845893 0.000196518563 0.019444030480
0.981607787321 0.019496300479 -1.821735129089 0.943915827718 0.000196834380 0.019496300479
0.984120102303 0.019539873012 -1.574292381060 0.949042204299 0.000197098829 0.019539873012
0.986151088449 0.019576711666 -1.373969063942 0.953349993222 0.000197323328 0.019576711666
0.987816209076 0.019608237888 -1.209534693510 0.957015661025 0.000197516179 0.019608237888
0.989198292265 0.019635504281 -1.072911609519 0.960169230618 0.000197683552 0.019635504281
0.990357999507 0.019659305873 -0.958170724775 0.962908430215 0.000197830128 0.019659305873
0.991340578014 0.019680253681 -0.860881189320 0.965308013642 0.000197959513 0.019680253681
0.992180330763 0.019698824585 -0.777678423278 0.967426057723 0.000198074536 0.019698824585
0.993531085325 0.019730269984 -0.643735403203 0.970991277603 0.000198270023 0.019730269984
0.994559933386 0.019755861168 -0.541618150915 0.973871643949 0.000198429836 0.019755861168
0.995361569522 0.019777078157 -0.461992751762 0.976244177692 0.000198562860 0.019777078157
0.995998272815 0.019794944279 -0.398710753411 0.978230372379 0.000198675270 0.019794944279
0.996512362762 0.019810188801 -0.347588847240 0.979916217802 0.000198771487 0.019810188801
0.996933409697 0.019823344963 -0.305700894825 0.981364190970 0.000198854758 0.019823344963
0.997282580055 0.019834811390 -0.270950507668 0.982620721761 0.000198927518 0.019834811390
0.997575347302 0.019844891864 -0.241803990218 0.983720999193 0.000198991632 0.019844891864
0.997823234993 0.019853821827 -0.217118412504 0.984692156930 0.000199048547 0.019853821827
0.998034967605 0.019861786504 -0.196027975497 0.985555439091 0.000199099408 0.019861786504
0.998375296331 0.019875382127 -0.162117486707 0.987022504607 0.000199186448 0.019875382127
0.998634305865 0.019886555253 -0.136300300870 0.988221729883 0.000199258195 0.019886555253
0.998835980347 0.019895898087 -0.116192096640 0.989219856152 0.000199318345 0.019895898087
0.998996072430 0.019903824877 -0.100225957961 0.990063256714 0.000199369494 0.019903824877
0.999125274426 0.019910633947 -0.087337813524 0.990785127581 0.000199413519 0.019910633947
0.999231050610 0.019916545512 -0.076784541109 0.991409841477 0.000199451808 0.019916545512
0.999318739760 0.019921725626 -0.068034446684 0.991955687186 0.000199485411 0.019921725626
0.999392242130 0.019926301838 -0.060698986519 0.992436650633 0.000199515140 0.019926301838
0.999454460692 0.019930373724 -0.054488893136 0.992863606410 0.000199541625 0.019930373724
0.999507592185 0.019934020145 -0.049185223238 0.993245135061 0.000199565371 0.019934020145
0.999553323683 0.019937304360 -0.044619797473 0.993588096167 0.000199586780 0.019937304360
0.999592968173 0.019940277698 -0.040661705067 0.993898038180 0.000199606181 0.019940277698
0.999627559855 0.019942982239 -0.037207815742 0.994179496682 0.000199623844 0.019942982239
0.999657922267 0.019945452807 -0.034175994585 0.994436214933 0.000199639992 0.019945452807
0.999684717759 0.019947718467 -0.031500174396 0.994671309296 0.000199654811 0.019947718467
0.999739394125 0.019952637551 -0.026039621738 0.995180626158 0.000199687024 0.019952637551
0.999780989376 0.019956711450 -0.021884983018 0.995601265504 0.000199713741 0.019956711450
0.999813366358 0.019960140593 -0.018650763687 0.995954496755 0.000199736258 0.019960140593
0.999839060597 0.019963066716 -0.016083883357 0.996255299241 0.000199755492 0.019963066716
0.999859792233 0.019965592873 -0.014012622456 0.996514525039 0.000199772112 0.019965592873
0.999876761570 0.019967795780 -0.012317140319 0.996740227543 0.000199786618 0.019967795780
0.999880375247 0.019968283164 -0.011956068783 0.996790118514 0.000199789829 0.019968283164
0.999902614680 0.019971451770 -0.009733843372 0.997114073962 0.000199810716 0.019971451770
0.999912591576 0.019972985328 -0.008736862666 0.997270613303 0.000199820833 0.019972985328
0.999921110308 0.019974362587 -0.007885562276 0.997411057877 0.000199829924 0.019974362587
0.999934796795 0.019976734920 -0.006517767633 0.997652659934 0.000199845594 0.019976734920
0.999945207624 0.019978705507 -0.005477275550 0.997853042476 0.000199858621 0.019978705507
0.999953310436 0.019980368410 -0.004667416142 0.998021920325 0.000199869620 0.019980368410
0.999959740266 0.019981790461 -0.004024742185 0.998166178948 0.000199879032 0.019981790461
0.999964927869 0.019983020444 -0.003506213449 0.998290834263 0.000199887177 0.019983020444
