0.952064018908 0.001906736298 -47.046832398616 0.892162131443 0.000001942772 0.001906736298
0.956444571394 0.001912502380 -42.801909091674 0.899222633986 0.000001946172 0.001912502380
0.960252300123 0.001917634284 -39.103908610739 0.905484793047 0.000001949205 0.001917634284
0.963582686887 0.001922227810 -35.863191024925 0.911070888921 0.000001951928 0.001922227810
0.966512156774 0.001926360807 -33.007672054773 0.916080148766 0.000001954384 0.001926360807
0.969102457910 0.001930097125 -30.478872128886 0.920593826318 0.000001956610 0.001930097125
0.974402944204 0.001938027831 -25.292651908027 0.930122987879 0.000001961353 0.001938027831
0.978449328101 0.001944403048 -21.322765422361 0.937725845893 0.000001965186 0.001944403048
0.981607787321 0.001949630048 -18.217351290893 0.943915827718 0.000001968344 0.001949630048
0.984120102303 0.001953987301 -15.742923810604 0.949042204299 0.000001970988 0.001953987301
0.986151088449 0.001957671167 -13.739690639420 0.953349993222 0.000001973233 0.001957671167
0.987816209076 0.001960823789 -12.095346935098 0.957015661025 0.000001975162 0.001960823789
0.989198292265 0.001963550428 -10.729116095193 0.960169230618 0.000001976836 0.001963550428
0.990357999507 0.001965930587 -9.581707247751 0.962908430215 0.000001978301 0.001965930587
0.991340578014 0.001968025368 -8.608811893201 0.965308013642 0.000001979595 0.001968025368
0.992180330763 0.001969882458 -7.776784232783 0.967426057723 0.000001980745 0.001969882458
0.993531085325 0.001973026998 -6.437354032030 0.970991277603 0.000001982700 0.001973026998
0.994559933386 0.001975586117 -5.416181509146 0.973871643949 0.000001984298 0.001975586117
0.995361569522 0.001977707816 -4.619927517618 0.976244177692 0.000001985629 0.001977707816
0.995998272815 0.001979494428 -3.987107534106 0.978230372379 0.000001986753 0.001979494428
0.996512362762 0.001981018880 -3.475888472403 0.979916217802 0.000001987715 0.001981018880
0.996933409697 0.001982334496 -3.057008948255 0.981364190970 0.000001988548 0.001982334496
0.997282580055 0.001983481139 -2.709505076676 0.982620721761 0.000001989275 0.001983481139
0.997575347302 0.001984489186 -2.418039902184 0.983720999193 0.000001989916 0.001984489186
0.997823234993 0.001985382183 -2.171184125045 0.984692156930 0.000001990485 0.001985382183
0.998034967605 0.001986178650 -1.960279754967 0.985555439091 0.000001990994 0.001986178650
0.998375296331 0.001987538213 -1.621174867069 0.987022504607 0.000001991864 0.001987538213
0.998634305865 0.001988655525 -1.363003008697 0.988221729883 0.000001992582 0.001988655525
0.998835980347 0.001989589809 -1.161920966404 0.989219856152 0.000001993183 0.001989589809
0.998996072430 0.001990382488 -1.002259579613 0.990063256714 0.000001993695 0.001990382488
0.999125274426 0.001991063395 -0.873378135241 0.990785127581 0.000001994135 0.001991063395
0.999231050610 0.001991654551 -0.767845411095 0.991409841477 0.000001994518 0.001991654551
0.999318739760 0.001992172563 -0.680344466843 0.991955687186 0.000001994854 0.001992172563
0.999392242130 0.001992630184 -0.606989865186 0.992436650633 0.000001995151 0.001992630184
0.999454460692 0.001993037372 -0.544888931365 0.992863606410 0.000001995416 0.001993037372
0.999507592185 0.001993402014 -0.491852232383 0.993245135061 0.000001995654 0.001993402014
0.999553323683 0.001993730436 -0.446197974728 0.993588096167 0.000001995868 0.001993730436
0.999592968173 0.001994027770 -0.406617050667 0.993898038180 0.000001996062 0.001994027770
0.999627559855 0.001994298224 -0.372078157423 0.994179496682 0.000001996238 0.001994298224
0.999657922267 0.001994545281 -0.341759945850 0.994436214933 0.000001996400 0.001994545281
0.999684717759 0.001994771847 -0.315001743957 0.994671309296 0.000001996548 0.001994771847
0.999739394125 0.001995263755 -0.260396217375 0.995180626158 0.000001996870 0.001995263755
0.999780989376 0.001995671145 -0.218849830178 0.995601265504 0.000001997137 0.001995671145
0.999813366358 0.001996014059 -0.186507636866 0.995954496755 0.000001997363 0.001996014059
0.999839060597 0.001996306672 -0.160838833568 0.996255299241 0.000001997555 0.001996306672
0.999859792233 0.001996559287 -0.140126224563 0.996514525039 0.000001997721 0.001996559287
0.999876761570 0.001996779578 -0.123171403195 0.996740227543 0.000001997866 0.001996779578
0.999890826801 0.001996973372 -0.109117437690 0.996938508271 0.000001997994 0.001996973372
0.999902614680 0.001997145177 -0.097338433723 0.997114073962 0.000001998107 0.001997145177
0.999912591576 0.001997298533 -0.087368626657 0.997270613303 0.000001998208 0.001997298533
0.999921110308 0.001997436259 -0.078855622759 0.997411057877 0.000001998299 0.001997436259
0.999934796795 0.001997673492 -0.065177676326 0.997652659934 0.000001998456 0.001997673492
0.999945207624 0.001997870551 -0.054772755499 0.997853042476 0.000001998586 0.001997870551
0.999953310436 0.001998036841 -0.046674161420 0.998021920325 0.000001998696 0.001998036841
0.999959740266 0.001998179046 -0.040247421852 0.998166178948 0.000001998790 0.001998179046
0.999964927869 0.001998302044 -0.035062134492 0.998290834263 0.000001998872 0.001998302044
0.999969173787 0.001998409480 -0.030817985941 0.998399626652 0.000001998943 0.001998409480
0.999972692879 0.001998504131 -0.027300270133 0.998495402079 0.000001999006 0.001998504131
0.999975642043 0.001998588151 -0.024352190635 0.998580364298 0.000001999061 0.001998588151
0.999978138021 0.001998663236 -0.021857080851 0.998656246286 0.000001999111 0.001998663236
0.999980269122 0.001998730738 -0.019726681688 0.998724429561 0.000001999156 0.001998730738
0.999983692859 0.001998847168 -0.016303992404 0.998841954026 0.000001999233 0.001998847168
0.999986297031 0.001998944034 -0.013700546415 0.998939652382 0.000001999297 0.001998944034
0.999988323780 0.001999025885 -0.011674316372 0.999022150698 0.000001999352 0.001999025885
0.999989932005 0.001999095960 -0.010066472592 0.999092739836 0.000001999398 0.001999095960
0.999991229480 0.001999156630 -0.008769282254 0.999153824710 0.000001999439 0.001999156630
0.999992291400 0.001999209669 -0.007707581464 0.999207203599 0.000001999474 0.001999209669
0.999993171514 0.001999256432 -0.006827636706 0.999254248065 0.000001999505 0.001999256432
0.999993909075 0.001999297971 -0.006090209892 0.999296022429 0.000001999533 0.001999297971
0.999994533285 0.001999335114 -0.005466107102 0.999333365232 0.000001999557 0.001999335114
0.999995066235 0.001999368524 -0.004933244096 0.999366946088 0.000001999580 0.001999368524
0.999995524885 0.001999398738 -0.004474665438 0.999397306182 0.000001999600 0.001999398738
0.999995922430 0.001999426192 -0.004077178831 0.999424887645 0.000001999618 0.001999426192
0.999996269262 0.001999451249 -0.003730395623 0.999450055232 0.000001999635 0.001999451249
0.999996573654 0.001999474209 -0.003426045043 0.999473112530 0.000001999650 0.001999474209
0.999996842257 0.001999495324 -0.003157476457 0.999494314272 0.000001999664 0.001999495324
0.999997390255 0.001999541371 -0.002609544769 0.999540536111 0.000001999695 0.001999541371
0.999997807062 0.001999579718 -0.002192784531 0.999579016065 0.000001999720 0.001999579718
0.999998131441 0.001999612147 -0.001868438423 0.999611548866 0.000001999742 0.001999612147
0.999998388829 0.001999639930 -0.001611073882 0.999639414309 0.000001999760 0.001999639930
0.999998596480 0.001999663999 -0.001403441252 0.999663549561 0.000001999776 0.001999663999
0.999998766429 0.001999685051 -0.001233506274 0.999684656636 0.000001999790 0.001999685051
0.999998802618 0.001999689717 -0.001197320151 0.999689334119 0.000001999793 0.001999689717
0.999999025315 0.001999720124 -0.000974639335 0.999719811713 0.000001999814 0.001999720124
0.999999125209 0.001999734885 -0.000874752010 0.999734605107 0.000001999823 0.001999734885
0.999999210498 0.001999748167 -0.000789468933 0.999747914732 0.000001999832 0.001999748167
0.999999347514 0.001999771103 -0.000652461146 0.999770894197 0.000001999847 0.001999771103
0.999999451727 0.001999790210 -0.000548253840 0.999790034186 0.000001999860 0.001999790210
0.999999532830 0.001999806372 -0.000467154977 0.999806222768 0.000001999871 0.001999806372
0.999999597183 0.001999820223 -0.000402804785 0.999820093740 0.000001999880 0.001999820223
0.999999649100 0.001999832224 -0.000350889830 0.999832111548 0.000001999888 0.001999832224
