-0.939089377379 0.000003757533 -0.092713398854 -0.939112986653 0.000078588332 0.000003757533
-0.928491346484 0.000942320203 -21.089178286950 -0.934130177394 0.000086170088 0.000942320203
-0.900737346708 0.001867385209 -38.079242316406 -0.911403826081 0.000093211120 0.001867385209
-0.860680981762 0.002765686816 -51.599687652393 -0.875791697209 0.000099730465 0.002765686816
-0.812098136820 0.003628877489 -62.179835474713 -0.831098894919 0.000105755863 0.003628877489
-0.757886021736 0.004452111287 -70.304923447999 -0.780264773917 0.000111319433 0.004452111287
-0.610831236217 0.006323740416 -82.529343796340 -0.639728132851 0.000123428566 0.006323740416
-0.462523368324 0.007934182663 -87.008049036212 -0.495757994947 0.000133366139 0.007934182663
-0.322810332445 0.009309167607 -86.984900907510 -0.358804932525 0.000141567823 0.009309167607
-0.195519338202 0.010481422888 -84.446936702430 -0.233151750937 0.000148386007 0.010481422888
-0.081521926009 0.011482713936 -80.590111289403 -0.120000869737 0.000154098396 0.011482713936
0.019689798549 0.012341081203 -76.125993346718 -0.019080851495 0.000158921904 0.012341081203
0.109203783555 0.013080255839 -71.472360190765 0.070528173531 0.000163025852 0.013080255839
0.188290175109 0.013719926423 -66.869257385254 0.149976912835 0.000166542885 0.013719926423
0.258210299090 0.014276282994 -62.449314333587 0.220441654228 0.000169577517 0.014276282994
0.320131671266 0.014762599538 -58.280406948318 0.283029211861 0.000172212659 0.014762599538
0.424017777407 0.015566728463 -50.789240247550 0.388450999386 0.000176536582 0.015566728463
0.506777414797 0.016198340000 -44.408668819665 0.472851690835 0.000179906026 0.016198340000
0.573489559894 0.016702733314 -39.017602419563 0.541198369572 0.000182581443 0.016702733314
0.627893967441 0.017111558626 -34.466186596405 0.597175369229 0.000184740896 0.017111558626
0.672751725748 0.017447351643 -30.613059300964 0.643518407483 0.000186509152 0.017447351643
0.710118022628 0.017726454269 -27.336420479629 0.682273373375 0.000187975584 0.017726454269
0.741538621002 0.017960921952 -24.535251812653 0.714985256081 0.000189205503 0.017960921952
0.768189203205 0.018159790363 -22.127153936589 0.742833352540 0.000190247489 0.018159790363
0.790974060780 0.018329931477 -20.045337659652 0.766727670014 0.000191138269 0.018329931477
0.810596356264 0.018476642247 -18.235714964318 0.787377922845 0.000191906014 0.018476642247
0.842449054752 0.018715435329 -15.265615115093 0.821068591429 0.000193155304 0.018715435329
0.866951552617 0.018899988637 -12.953847988422 0.847159530799 0.000194121017 0.018899988637
0.886187742547 0.019045685013 -11.122685007370 0.867777347434 0.000194883916 0.019045685013
0.901556823941 0.019162811631 -9.649457653519 0.884356324444 0.000195497831 0.019162811631
0.914024880100 0.019258457072 -8.447704563468 0.897890952832 0.000195999771 0.019258457072
0.924275512054 0.019337634222 -7.455265618224 0.909087769652 0.000196415866 0.019337634222
0.932803020625 0.019403969338 -6.626626338360 0.918459640031 0.000196764999 0.019403969338
0.939971756531 0.019460138480 -5.927897172480 0.926386016956 0.000197061099 0.019460138480
0.946054923518 0.019508151751 -5.333455412044 0.933152467471 0.000197314622 0.019508151751
0.951260550459 0.019549543059 -4.823656405293 0.938977210289 0.000197533549 0.019549543059
0.955749246751 0.019585499643 -4.383245657099 0.944029311171 0.000197724057 0.019585499643
0.959646574768 0.019616952256 -4.000238808226 0.948441397842 0.000197890990 0.019616952256
0.963051822218 0.019644639085 -3.665119402150 0.952318699812 0.000198038191 0.019644639085
0.966044321011 0.019669151820 -3.370256030713 0.955745577201 0.000198168744 0.019669151820
0.968688065098 0.019690969327 -3.109473240513 0.958790304365 0.000198285144 0.019690969327
0.974090837444 0.019736120975 -2.575705209016 0.965072240693 0.000198526743 0.019736120975
0.978208451962 0.019771171240 -2.168151540901 0.969926723119 0.000198715090 0.019771171240
0.981418026088 0.019798993052 -1.850018735729 0.973762595796 0.000198865214 0.019798993052
0.983967965043 0.019821496686 -1.596982293272 0.976851271515 0.000198987133 0.019821496686
0.986027255247 0.019839994142 -1.392447242709 0.979378809397 0.000199087740 0.019839994142
0.987714075025 0.019855411821 -1.224781624358 0.981476313434 0.000199171914 0.019855411821
0.989113071363 0.019868419701 -1.085638436131 0.983238390764 0.000199243192 0.019868419701
0.990286155376 0.019879512554 -0.968903331339 0.984734748212 0.000199304193 0.019879512554
0.991279452049 0.019889062556 -0.870015199273 0.986017697706 0.000199356889 0.019889062556
0.992127893198 0.019897354278 -0.785516061401 0.987127142636 0.000199402795 0.019897354278
0.993491650456 0.019910998814 -0.649632005037 0.988942396085 0.000199478688 0.019910998814
0.994529534845 0.019921712891 -0.546165070084 0.990357141054 0.000199538642 0.019921712891
0.995337644832 0.019930312016 -0.465572296312 0.991484541951 0.000199587033 0.019930312016
0.995979106981 0.019937341906 -0.401578933513 0.992399963732 0.000199626804 0.019937341906
0.996496773026 0.019943179814 -0.349922302687 0.993155261175 0.000199659996 0.019943179814
0.996920559028 0.019948093869 -0.307624679756 0.993787119771 0.000199688067 0.019948093869
0.997271862649 0.019952279258 -0.272555160111 0.994322124581 0.000199712081 0.019952279258
0.997566315979 0.019955881064 -0.243156359967 0.994779949341 0.000199732834 0.019955881064
0.997815553858 0.019959009121 -0.218268724946 0.995175424324 0.000199750929 0.019959009121
0.998028380406 0.019961747946 -0.197014555386 0.995519913177 0.000199766831 0.019961747946
0.998370345237 0.019966308035 -0.162859141865 0.996089399541 0.000199793445 0.019966308035
0.998630490975 0.019969942955 -0.136871831169 0.996539243439 0.000199814797 0.019969942955
0.998832978987 0.019972901336 -0.116641795814 0.996902310676 0.000199832276 0.019972901336
0.998993668798 0.019975351462 -0.100586130970 0.997200685444 0.000199846830 0.019975351462
0.999123319783 0.019977410949 -0.087630730231 0.997449696118 0.000199859124 0.019977410949
0.999229439748 0.019979164271 -0.077025956100 0.997660279855 0.000199869637 0.019979164271
0.999317396563 0.019980673542 -0.068235759005 0.997840428629 0.000199878724 0.019980673542
0.999391110436 0.019981985378 -0.060868608281 0.997996104693 0.000199886653 0.019981985378
0.999453498329 0.019983135398 -0.054633141571 0.998131837880 0.000199893628 0.019983135398
0.999506766989 0.019984151252 -0.049308916787 0.998251125734 0.000199899810 0.019984151252
0.999552610777 0.019985054712 -0.044726663025 0.998356707899 0.000199905325 0.019985054712
0.999592348074 0.019985863140 -0.040754661736 0.998450758241 0.000199910274 0.019985863140
0.999627017129 0.019986590539 -0.037289176171 0.998535021894 0.000199914739 0.019986590539
0.999657444559 0.019987248322 -0.034247610071 0.998610914684 0.000199918787 0.019987248322
0.999684295085 0.019987845880 -0.031563541067 0.998679596368 0.000199922473 0.019987845880
0.999739076516 0.019989124350 -0.026087239624 0.998825655626 0.000199930389 0.019989124350
0.999780744706 0.019990163239 -0.021921667009 0.998943398707 0.000199936853 0.019990163239
0.999813173899 0.019991023480 -0.018679620669 0.999040205868 0.000199942228 0.019991023480
0.999838906490 0.019991747096 -0.016106990622 0.999121124481 0.000199946767 0.019991747096
0.999859666929 0.019992363975 -0.014031411447 0.999189716382 0.000199950649 0.019992363975
0.999876658316 0.019992895932 -0.012332623355 0.999248562966 0.000199954007 0.019992895932
0.999880276502 0.019993012866 -0.011970875766 0.999261459730 0.000199954747 0.019993012866
0.999902542154 0.019993766323 -0.009744719215 0.999344210870 0.000199959523 0.019993766323
0.999912529905 0.019994126744 -0.008746110640 0.999383574944 0.000199961815 0.019994126744
0.999921057431 0.019994448051 -0.007893491699 0.999418542142 0.000199963863 0.019994448051
0.999934757065 0.019994996185 -0.006523725697 0.999477912460 0.000199967365 0.019994996185
0.999945177020 0.019995446332 -0.005481865142 0.999526393372 0.000199970250 0.019995446332
0.999953286364 0.019995822518 -0.004671026223 0.999566709569 0.000199972668 0.019995822518
0.999959720992 0.019996141527 -0.004027632784 0.999600751098 0.000199974724 0.019996141527
0.999964912198 0.019996415436 -0.003508563730 0.999629869041 0.000199976492 0.019996415436
