0.735215103947 0.003863746807 -95.334131234576 0.492448732245 0.000010731328 0.003863746807
0.757562304837 0.003930074198 -87.955278007995 0.522387214768 0.000010832757 0.003930074198
0.777244993880 0.003989626854 -81.355451975481 0.549358040883 0.000010923784 0.003989626854
0.794662328401 0.004043343257 -75.437048025673 0.573748633227 0.000011005875 0.004043343257
0.810143082709 0.004092002540 -70.115358128116 0.595886330720 0.000011080240 0.004092002540
0.823959638309 0.004136255864 -65.317134534443 0.616048741714 0.000011147886 0.004136255864
0.852620603490 0.004231003442 -55.217626706765 0.659281122294 0.000011292820 0.004231003442
0.874867715611 0.004307948749 -47.241944369671 0.694416780386 0.000011410696 0.004307948749
0.892466552344 0.004371534392 -40.847635569253 0.723437871368 0.000011508283 0.004371534392
0.906619027567 0.004424868389 -35.650367775483 0.747748924441 0.000011590302 0.004424868389
0.918164697875 0.004470182497 -31.373463356797 0.768367444621 0.000011660132 0.004470182497
0.927703560500 0.004509116185 -27.814495587362 0.786045497705 0.000011720257 0.004509116185
0.935673207323 0.004542898192 -24.823035563973 0.801349107696 0.000011772536 0.004542898192
0.942398621251 0.004572465897 -22.285644216438 0.814711285518 0.000011818386 0.004572465897
0.948125107197 0.004598545773 -20.115602260435 0.826468200943 0.000011858908 0.004598545773
0.953040554685 0.004621708846 -18.245775184978 0.836884342236 0.000011894966 0.004621708846
0.960990367456 0.004661014344 -15.207394275490 0.854495760755 0.000011956319 0.004661014344
0.967083414635 0.004693073297 -12.866326908700 0.868791917342 0.000012006531 0.004693073297
0.971855026956 0.004719695048 -11.025212549163 0.880609739012 0.000012048356 0.004719695048
0.975660914853 0.004742138408 -9.551638797323 0.890530245217 0.000012083718 0.004742138408
0.978744827732 0.004761304794 -8.354167955499 0.898968400199 0.000012113996 0.004761304794
0.981278279166 0.004777855824 -7.368054198292 0.906227895382 0.000012140204 0.004777855824
0.983384766921 0.004792287593 -6.546433593981 0.912535752826 0.000012163107 0.004792287593
0.985155030804 0.004804979081 -5.854721319576 0.918064866437 0.000012183290 0.004804979081
0.986656944170 0.004816224598 -5.266950858058 0.922949088100 0.000012201206 0.004816224598
0.987942090904 0.004826256051 -4.763323796110 0.927293568688 0.000012217216 0.004826256051
0.990012440064 0.004843381668 -3.950600084535 0.934681777280 0.000012244612 0.004843381668
0.991592200355 0.004857456330 -3.329248081667 0.940725036613 0.000012267190 0.004857456330
0.992824905486 0.004869224683 -2.843628482781 0.945756842433 0.000012286115 0.004869224683
0.993805209483 0.004879208177 -2.456931351948 0.950009539299 0.000012302205 0.004879208177
0.994597575974 0.004887782621 -2.144021371967 0.953649784041 0.000012316050 0.004887782621
0.995247134438 0.004895225571 -1.887263274826 0.956800122713 0.000012328089 0.004895225571
0.995786241670 0.004901746387 -1.673989540120 0.959552617111 0.000012338652 0.004901746387
0.996238585512 0.004907505918 -1.494911790458 0.961977730977 0.000012347995 0.004907505918
0.996621829122 0.004912629755 -1.343094522076 0.964130289023 0.000012356318 0.004912629755
0.996949360091 0.004917217363 -1.213274753120 0.966053572205 0.000012363778 0.004917217363
0.997231474642 0.004921348532 -1.101400524565 0.967782193890 0.000012370503 0.004921348532
0.997476196174 0.004925088002 -1.004311368234 0.969344159290 0.000012376596 0.004925088002
0.997689851701 0.004928488844 -0.919512952542 0.970762365880 0.000012382142 0.004928488844
0.997877484681 0.004931594974 -0.845015476735 0.972055713780 0.000012387212 0.004931594974
0.998043155240 0.004934443040 -0.779216011892 0.973239939234 0.000012391864 0.004934443040
0.998381453505 0.004940625072 -0.644786974597 0.975804825970 0.000012401974 0.004940625072
0.998639052085 0.004945743212 -0.542361432974 0.977922371365 0.000012410357 0.004945743212
0.998839715781 0.004950050039 -0.462532881885 0.979699973212 0.000012417420 0.004950050039
0.998999064870 0.004953724113 -0.399112631114 0.981213255404 0.000012423452 0.004953724113
0.999127708545 0.004956895219 -0.347894007965 0.982516993233 0.000012428663 0.004956895219
0.999233057092 0.004959659943 -0.305936760010 0.983651825850 0.000012433210 0.004959659943
0.999320413184 0.004962091645 -0.271135676353 0.984648534917 0.000012437213 0.004962091645
0.999393652312 0.004964247041 -0.241951379983 0.985530859392 0.000012440763 0.004964247041
0.999455660073 0.004966170666 -0.217237184994 0.986317398783 0.000012443933 0.004966170666
0.999508620770 0.004967897977 -0.196124750967 0.987022931338 0.000012446781 0.004967897977
0.999593741308 0.004970872685 -0.162183626209 0.988236317956 0.000012451690 0.004970872685
0.999658517998 0.004973343051 -0.136347023504 0.989242372670 0.000012455770 0.004973343051
0.999708952623 0.004975427274 -0.116226032953 0.990090019840 0.000012459214 0.004975427274
0.999748986528 0.004977209305 -0.100251197676 0.990813921278 0.000012462161 0.004977209305
0.999781294637 0.004978750408 -0.087356972329 0.991439318261 0.000012464711 0.004978750408
0.999807744133 0.004980096338 -0.076799344899 0.991985027098 0.000012466939 0.004980096338
0.999829670405 0.004981281957 -0.068046065508 0.992465360380 0.000012468902 0.004981281957
0.999848048966 0.004982334293 -0.060708232669 0.992891397939 0.000012470645 0.004982334293
0.999863605855 0.004983274619 -0.054496342509 0.993271850514 0.000012472204 0.004983274619
0.999876890456 0.004984119914 -0.049191291842 0.993613660653 0.000012473605 0.004984119914
0.999898236858 0.004985577739 -0.040665851232 0.994202726168 0.000012476022 0.004985577739
0.999914476905 0.004986790432 -0.034178922775 0.994692322176 0.000012478034 0.004986790432
0.999927118320 0.004987815022 -0.029128852719 0.995105677388 0.000012479734 0.004987815022
0.999937150812 0.004988692122 -0.025120621286 0.995459311235 0.000012481190 0.004988692122
0.999945245843 0.004989451437 -0.021886183051 0.995765292782 0.000012482451 0.004989451437
0.999951871979 0.004990115200 -0.019238462087 0.996032644666 0.000012483553 0.004990115200
0.999957364247 0.004990700379 -0.017043681115 0.996268247153 0.000012484525 0.004990700379
0.999961967330 0.004991220148 -0.015204126030 0.996477438319 0.000012485389 0.004991220148
0.999965863304 0.004991684893 -0.013647079001 0.996664423180 0.000012486161 0.004991684893
0.999969189917 0.004992102913 -0.012317520221 0.996832559150 0.000012486856 0.004992102913
0.999972052941 0.004992480917 -0.011173199915 0.996984559346 0.000012487484 0.004992480917
0.999974534676 0.004992824387 -0.010181239988 0.997122640055 0.000012488055 0.004992824387
0.999976699941 0.004993137850 -0.009315745803 0.997248629474 0.000012488577 0.004993137850
0.999978600343 0.004993425073 -0.008556098971 0.997364049089 0.000012489054 0.004993425073
0.999980277382 0.004993689218 -0.007885717933 0.997470175405 0.000012489494 0.004993689218
0.999983699066 0.004994265203 -0.006517873961 0.997701524975 0.000012490452 0.004994265203
0.999986301812 0.004994744843 -0.005477350632 0.997894107985 0.000012491249 0.004994744843
0.999988327541 0.004995150446 -0.004667470658 0.998056914871 0.000012491924 0.004995150446
0.999989935016 0.004995497925 -0.004024782719 0.998196355635 0.000012492502 0.004995497925
0.999991231929 0.004995798939 -0.003506244209 0.998317123636 0.000012493003 0.004995798939
0.999992293417 0.004996062224 -0.003081822357 0.998422734179 0.000012493442 0.004996062224
0.999992519457 0.004996120574 -0.002991442016 0.998446137615 0.000012493539 0.004996120574
0.999993910492 0.004996500819 -0.002435233900 0.998598624246 0.000012494172 0.004996500819
0.999994534490 0.004996685411 -0.002185720036 0.998672635528 0.000012494479 0.004996685411
0.999995067268 0.004996851503 -0.001972677904 0.998739221510 0.000012494755 0.004996851503
0.999995923206 0.004997138301 -0.001630405890 0.998854179717 0.000012495233 0.004997138301
0.999996574252 0.004997377211 -0.001370059337 0.998949926016 0.000012495631 0.004997377211
0.999997080941 0.004997579304 -0.001167435046 0.999030905037 0.000012495967 0.004997579304
0.999997482998 0.004997752482 -0.001006649794 0.999100288570 0.000012496256 0.004997752482
0.999997807368 0.004997902536 -0.000876930149 0.999160400760 0.000012496506 0.004997902536
