0.951260550459 0.001954954306 -48.236564052933 0.938977210288 0.000001975335 0.001954954306
0.955749246751 0.001958549964 -43.832456570989 0.944029311171 0.000001977241 0.001958549964
0.959646574768 0.001961695226 -40.002388082260 0.948441397842 0.000001978910 0.001961695226
0.963051822218 0.001964463909 -36.651194021495 0.952318699812 0.000001980382 0.001964463909
0.966044321011 0.001966915182 -33.702560307126 0.955745577201 0.000001981687 0.001966915182
0.968688065098 0.001969096933 -31.094732405134 0.958790304365 0.000001982851 0.001969096933
0.974090837444 0.001973612097 -25.757052090157 0.965072240693 0.000001985267 0.001973612097
0.978208451962 0.001977117124 -21.681515409009 0.969926723119 0.000001987151 0.001977117124
0.981418026088 0.001979899305 -18.500187357290 0.973762595796 0.000001988652 0.001979899305
0.983967965043 0.001982149669 -15.969822932723 0.976851271515 0.000001989871 0.001982149669
0.986027255247 0.001983999414 -13.924472427085 0.979378809397 0.000001990877 0.001983999414
0.987714075025 0.001985541182 -12.247816243582 0.981476313434 0.000001991719 0.001985541182
0.989113071363 0.001986841970 -10.856384361314 0.983238390764 0.000001992432 0.001986841970
0.990286155376 0.001987951255 -9.689033313394 0.984734748212 0.000001993042 0.001987951255
0.991279452049 0.001988906256 -8.700151992730 0.986017697706 0.000001993569 0.001988906256
0.992127893198 0.001989735428 -7.855160614008 0.987127142636 0.000001994028 0.001989735428
0.993491650456 0.001991099881 -6.496320050369 0.988942396085 0.000001994787 0.001991099881
0.994529534845 0.001992171289 -5.461650700836 0.990357141054 0.000001995386 0.001992171289
0.995337644832 0.001993031202 -4.655722963122 0.991484541951 0.000001995870 0.001993031202
0.995979106981 0.001993734191 -4.015789335130 0.992399963732 0.000001996268 0.001993734191
0.996496773026 0.001994317981 -3.499223026874 0.993155261175 0.000001996600 0.001994317981
0.996920559028 0.001994809387 -3.076246797564 0.993787119771 0.000001996881 0.001994809387
0.997271862649 0.001995227926 -2.725551601111 0.994322124581 0.000001997121 0.001995227926
0.997566315979 0.001995588106 -2.431563599674 0.994779949341 0.000001997328 0.001995588106
0.997815553858 0.001995900912 -2.182687249459 0.995175424324 0.000001997509 0.001995900912
0.998028380406 0.001996174795 -1.970145553858 0.995519913177 0.000001997668 0.001996174795
0.998370345237 0.001996630804 -1.628591418648 0.996089399541 0.000001997934 0.001996630804
0.998630490975 0.001996994296 -1.368718311688 0.996539243439 0.000001998148 0.001996994296
0.998832978987 0.001997290134 -1.166417958142 0.996902310676 0.000001998323 0.001997290134
0.998993668798 0.001997535146 -1.005861309695 0.997200685444 0.000001998468 0.001997535146
0.999123319783 0.001997741095 -0.876307302314 0.997449696118 0.000001998591 0.001997741095
0.999229439748 0.001997916427 -0.770259560998 0.997660279855 0.000001998696 0.001997916427
0.999317396563 0.001998067354 -0.682357590054 0.997840428629 0.000001998787 0.001998067354
0.999391110436 0.001998198538 -0.608686082813 0.997996104693 0.000001998867 0.001998198538
0.999453498329 0.001998313540 -0.546331415708 0.998131837880 0.000001998936 0.001998313540
0.999506766989 0.001998415125 -0.493089167870 0.998251125734 0.000001998998 0.001998415125
0.999552610777 0.001998505471 -0.447266630254 0.998356707899 0.000001999053 0.001998505471
0.999592348074 0.001998586314 -0.407546617363 0.998450758241 0.000001999103 0.001998586314
0.999627017129 0.001998659054 -0.372891761710 0.998535021894 0.000001999147 0.001998659054
0.999657444559 0.001998724832 -0.342476100709 0.998610914684 0.000001999188 0.001998724832
0.999684295085 0.001998784588 -0.315635410671 0.998679596368 0.000001999225 0.001998784588
0.999739076516 0.001998912435 -0.260872396239 0.998825655626 0.000001999304 0.001998912435
0.999780744706 0.001999016324 -0.219216670095 0.998943398707 0.000001999369 0.001999016324
0.999813173899 0.001999102348 -0.186796206689 0.999040205868 0.000001999422 0.001999102348
0.999838906490 0.001999174710 -0.161069906220 0.999121124481 0.000001999468 0.001999174710
0.999859666929 0.001999236397 -0.140314114469 0.999189716382 0.000001999506 0.001999236397
0.999876658316 0.001999289593 -0.123326233550 0.999248562966 0.000001999540 0.001999289593
0.999890740712 0.001999335925 -0.109246530908 0.999299578448 0.000001999569 0.001999335925
0.999902542154 0.001999376632 -0.097447192147 0.999344210870 0.000001999595 0.001999376632
0.999912529905 0.001999412674 -0.087461106396 0.999383574944 0.000001999618 0.001999412674
0.999921057431 0.001999444805 -0.078934916994 0.999418542142 0.000001999639 0.001999444805
0.999934757065 0.001999499618 -0.065237256974 0.999477912460 0.000001999674 0.001999499618
0.999945177020 0.001999544633 -0.054818651423 0.999526393372 0.000001999703 0.001999544633
0.999953286364 0.001999582252 -0.046710262230 0.999566709569 0.000001999727 0.001999582252
0.999959720992 0.001999614153 -0.040276327840 0.999600751098 0.000001999747 0.001999614153
0.999964912198 0.001999641544 -0.035085637296 0.999629869041 0.000001999765 0.001999641544
0.999969160874 0.001999665315 -0.030837352494 0.999655054181 0.000001999780 0.001999665315
0.999972682113 0.001999686139 -0.027316416770 0.999677049205 0.000001999794 0.001999686139
0.999975632974 0.001999704529 -0.024365793363 0.999696421549 0.000001999806 0.001999704529
0.999978130309 0.001999720889 -0.021868647188 0.999713612058 0.000001999816 0.001999720889
0.999980262510 0.001999735536 -0.019736598646 0.999728968331 0.000001999826 0.001999735536
0.999983687891 0.001999760664 -0.016311443510 0.999755235767 0.000001999842 0.001999760664
0.999986293204 0.001999781438 -0.013706285887 0.999776876582 0.000001999856 0.001999781438
0.999988320770 0.001999798898 -0.011678830771 0.999795011431 0.000001999867 0.001999798898
0.999989929595 0.001999813778 -0.010070087175 0.999810426730 0.000001999877 0.001999813778
0.999991227521 0.001999826610 -0.008772221114 0.999823690439 0.000001999885 0.001999826610
0.999992289785 0.001999837789 -0.007710003062 0.999835222893 0.000001999893 0.001999837789
0.999993170168 0.001999847615 -0.006829655646 0.999845341778 0.000001999899 0.001999847615
0.999993907941 0.001999856319 -0.006091910718 0.999854291632 0.000001999905 0.001999856319
0.999994532321 0.001999864083 -0.005467553285 0.999862263725 0.000001999910 0.001999864083
0.999995065409 0.001999871052 -0.004934484034 0.999869409804 0.000001999915 0.001999871052
0.999995524171 0.001999877341 -0.004475736555 0.999875851791 0.000001999919 0.001999877341
0.999995921809 0.001999883046 -0.004078110436 0.999881688757 0.000001999922 0.001999883046
0.999996268719 0.001999888244 -0.003731210929 0.999887002037 0.000001999926 0.001999888244
0.999996573176 0.001999892999 -0.003426762630 0.999891859023 0.000001999929 0.001999892999
0.999996841834 0.001999897367 -0.003158111337 0.999896316028 0.000001999932 0.001999897367
0.999997389937 0.001999906871 -0.002610021773 0.999906002407 0.000001999938 0.001999906871
0.999997806817 0.001999914764 -0.002193151951 0.999914034583 0.000001999943 0.001999914764
0.999998131248 0.001999921425 -0.001868727413 0.999920802775 0.000001999948 0.001999921425
0.999998388675 0.001999927120 -0.001611305265 0.999926583460 0.000001999952 0.001999927120
0.999998596355 0.001999932045 -0.001403629377 0.999931577989 0.000001999955 0.001999932045
0.999998766326 0.001999936347 -0.001233661286 0.999935936472 0.000001999958 0.001999936347
0.999998802519 0.001999937300 -0.001197468391 0.999936901156 0.000001999958 0.001999937300
0.999999025243 0.001999943501 -0.000974748206 0.999943176284 0.000001999962 0.001999943501
0.999999125148 0.001999946507 -0.000874844580 0.999946215529 0.000001999964 0.001999946507
0.999999210445 0.001999949209 -0.000789548301 0.999948946239 0.000001999966 0.001999949209
0.999999347474 0.001999953870 -0.000652520777 0.999953652635 0.000001999969 0.001999953870
0.999999451696 0.001999957747 -0.000548299772 0.999957564679 0.000001999972 0.001999957747
0.999999532806 0.001999961023 -0.000467191103 0.999960867804 0.000001999974 0.001999961023
0.999999597164 0.001999963828 -0.000402833710 0.999963693897 0.000001999976 0.001999963828
0.999999649085 0.001999966256 -0.000350913347 0.999966139328 0.000001999978 0.001999966256
