0.092620578318 0.005468021905 -134.918032653269 -0.079162396154 0.000036774703 0.005468021905
0.157029604430 0.005765130038 -129.023929243125 -0.015462682946 0.000037666144 0.005765130038
0.215667402464 0.006033046071 -123.024334813369 0.043364009610 0.000038463241 0.006033046071
0.269037879612 0.006275251272 -117.077972728724 0.097609329212 0.000039178770 0.006275251272
0.317635321533 0.006494787667 -111.286432184841 0.147602178033 0.000039823486 0.006494787667
0.361926512394 0.006694303813 -105.712208603482 0.193680306950 0.000040406476 0.006694303813
0.456546297366 0.007119883843 -92.919586000520 0.293871571724 0.000041641675 0.007119883843
0.532522660041 0.007462443232 -81.834847299470 0.376229614463 0.000042628822 0.007462443232
0.594177636381 0.007742235083 -72.343476871796 0.444497951102 0.000043431312 0.007742235083
0.644746348941 0.007973813442 -64.243578971196 0.501600784768 0.000044093533 0.007973813442
0.686648376624 0.008167795074 -57.324733305703 0.549795656618 0.000044647253 0.008167795074
0.721703810767 0.008332045066 -51.396242909681 0.590824352920 0.000045115679 0.008332045066
0.751293745426 0.008472478032 -46.294813270964 0.626036923109 0.000045516077 0.008472478032
0.776476574835 0.008593605353 -41.884190227997 0.656487208416 0.000045861507 0.008593605353
0.798071715475 0.008698913975 -38.052006493123 0.683004581844 0.000046162001 0.008698913975
0.816719993054 0.008791132357 -34.705999440285 0.706247365736 0.000046425368 0.008791132357
0.847097484107 0.008944503536 -29.183045113193 0.744915714654 0.000046864098 0.008944503536
0.870561063399 0.009066380085 -24.855995773643 0.775618153171 0.000047213663 0.009066380085
0.889045160541 0.009165141432 -21.409779931870 0.800450880568 0.000047497770 0.009165141432
0.903856761861 0.009246518216 -18.624383037241 0.820860208434 0.000047732599 0.009246518216
0.915903037582 0.009314542122 -16.343261497289 0.837869711976 0.000047929521 0.009314542122
0.925828788918 0.009372120246 -14.452987378759 0.852220328637 0.000048096735 0.009372120246
0.934102073231 0.009421394470 -12.869956584352 0.864459288167 0.000048240284 0.009421394470
0.941069068030 0.009463973184 -11.531564369543 0.874998071074 0.000048364709 0.009463973184
0.946990126438 0.009501084737 -10.390243516881 0.884151099044 0.000048473484 0.009501084737
0.952064018908 0.009533681491 -9.409366479723 0.892162131443 0.000048569303 0.009533681491
0.960252300123 0.009588171419 -7.820781722148 0.905484793047 0.000048730136 0.009588171419
0.966512156774 0.009631804037 -6.601534410955 0.916080148766 0.000048859602 0.009631804037
0.971403912448 0.009667447872 -5.645792074735 0.924679015197 0.000048965882 0.009667447872
0.975298507036 0.009697059542 -4.882966404554 0.931778205582 0.000049054576 0.009697059542
0.978449328101 0.009722015240 -4.264553084472 0.937725845893 0.000049129641 0.009722015240
0.981034190212 0.009743308655 -3.756351640028 0.942772306596 0.000049193940 0.009743308655
0.983180828122 0.009761673754 -3.333697517029 0.947101766296 0.000049249600 0.009761673754
0.984982901869 0.009777663512 -2.978446630683 0.950852417581 0.000049298225 0.009777663512
0.986510341803 0.009791701879 -2.677014513971 0.954129774763 0.000049341052 0.009791701879
0.987816209076 0.009804118944 -2.419069387020 0.957015661025 0.000049379045 0.009804118944
0.988941350323 0.009815175298 -2.196641662556 0.959574414504 0.000049412968 0.009815175298
0.989917620877 0.009825079226 -2.003505065537 0.961857260224 0.000049443436 0.009825079226
0.990770158118 0.009833999085 -1.834738764573 0.963905445701 0.000049470943 0.009833999085
0.991519011762 0.009842072343 -1.686412508814 0.965752526622 0.000049495897 0.009842072343
0.992180330763 0.009849412292 -1.555356846557 0.967426057723 0.000049518634 0.009849412292
0.993531085325 0.009865134992 -1.287470806406 0.970991277603 0.000049567506 0.009865134992
0.994559933386 0.009877930584 -1.083236301829 0.973871643949 0.000049607459 0.009877930584
0.995361569522 0.009888539079 -0.923985503524 0.976244177692 0.000049640715 0.009888539079
0.995998272815 0.009897472139 -0.797421506821 0.978230372379 0.000049668818 0.009897472139
0.996512362762 0.009905094400 -0.695177694481 0.979916217802 0.000049692872 0.009905094400
0.996933409697 0.009911672481 -0.611401789651 0.981364190970 0.000049713689 0.009911672481
0.997282580055 0.009917405695 -0.541901015335 0.982620721761 0.000049731880 0.009917405695
0.997575347302 0.009922445932 -0.483607980437 0.983720999193 0.000049747908 0.009922445932
0.997823234993 0.009926910914 -0.434236825009 0.984692156930 0.000049762137 0.009926910914
0.998034967605 0.009930893252 -0.392055950993 0.985555439091 0.000049774852 0.009930893252
0.998375296331 0.009937691064 -0.324234973414 0.987022504607 0.000049796612 0.009937691064
0.998634305865 0.009943277627 -0.272600601739 0.988221729883 0.000049814549 0.009943277627
0.998835980347 0.009947949043 -0.232384193281 0.989219856152 0.000049829586 0.009947949043
0.998996072430 0.009951912438 -0.200451915923 0.990063256714 0.000049842374 0.009951912438
0.999125274426 0.009955316973 -0.174675627048 0.990785127581 0.000049853380 0.009955316973
0.999231050610 0.009958272756 -0.153569082219 0.991409841477 0.000049862952 0.009958272756
0.999318739760 0.009960862813 -0.136068893369 0.991955687186 0.000049871353 0.009960862813
0.999392242130 0.009963150919 -0.121397973037 0.992436650633 0.000049878785 0.009963150919
0.999454460692 0.009965186862 -0.108977786273 0.992863606410 0.000049885406 0.009965186862
0.999507592185 0.009967010072 -0.098370446477 0.993245135061 0.000049891343 0.009967010072
0.999592968173 0.009970138849 -0.081323410133 0.993898038180 0.000049901545 0.009970138849
0.999657922267 0.009972726404 -0.068351989170 0.994436214933 0.000049909998 0.009972726404
0.999708483918 0.009974901832 -0.058253452678 0.994887394947 0.000049917115 0.009974901832
0.999748611157 0.009976756235 -0.050238080226 0.995271053429 0.000049923190 0.009976756235
0.999780989376 0.009978355725 -0.043769966036 0.995601265504 0.000049928435 0.009978355725
0.999807492555 0.009979749443 -0.038475069931 0.995888454113 0.000049933011 0.009979749443
0.999829460626 0.009980974668 -0.034085907099 0.996140501014 0.000049937036 0.009980974668
0.999847872216 0.009982060195 -0.030407094207 0.996363475885 0.000049940606 0.009982060195
0.999863455548 0.009983028612 -0.027293225242 0.996562128248 0.000049943792 0.009983028612
0.999876761570 0.009983897890 -0.024634280639 0.996740227543 0.000049946654 0.009983897890
0.999888213326 0.009984682505 -0.022345774692 0.996900803306 0.000049949239 0.009984682505
0.999898140003 0.009985394244 -0.020361960946 0.997046318075 0.000049951585 0.009985394244
0.999906800851 0.009986042807 -0.018631057095 0.997178794006 0.000049953724 0.009986042807
0.999914402288 0.009986636243 -0.017111831427 0.997299907033 0.000049955682 0.009986636243
0.999921110308 0.009987181293 -0.015771124552 0.997411057877 0.000049957481 0.009987181293
0.999934796795 0.009988367460 -0.013035535265 0.997652659934 0.000049961399 0.009988367460
0.999945207624 0.009989352753 -0.010954551100 0.997853042476 0.000049964655 0.009989352753
0.999953310436 0.009990184205 -0.009334832284 0.998021920325 0.000049967405 0.009990184205
0.999959740266 0.009990895230 -0.008049484370 0.998166178948 0.000049969758 0.009990895230
0.999964927869 0.009991510222 -0.007012426898 0.998290834263 0.000049971794 0.009991510222
0.999969173787 0.009992047402 -0.006163597188 0.998399626652 0.000049973573 0.009992047402
0.999970077939 0.009992166363 -0.005982839253 0.998423707671 0.000049973968 0.009992166363
0.999975642043 0.009992940757 -0.004870438127 0.998580364298 0.000049976534 0.009992940757
0.999978138021 0.009993316179 -0.004371416170 0.998656246286 0.000049977779 0.009993316179
0.999980269122 0.009993653690 -0.003945336338 0.998724429561 0.000049978898 0.009993653690
0.999983692859 0.009994235841 -0.003260798481 0.998841954026 0.000049980830 0.009994235841
0.999986297031 0.009994720171 -0.002740109283 0.998939652382 0.000049982437 0.009994720171
0.999988323780 0.009995129423 -0.002334863274 0.999022150698 0.000049983796 0.009995129423
0.999989932005 0.009995479798 -0.002013294518 0.999092739836 0.000049984959 0.009995479798
0.999991229480 0.009995783148 -0.001753856451 0.999153824710 0.000049985967 0.009995783148
