0.951056516295 0.001967263286 -48.540275968137 0.951056516295 0.000001983605 0.001967263286
0.955572805786 0.001970293206 -44.095270977946 0.955572805786 0.000001985124 0.001970293206
0.959492973614 0.001972921678 -40.231315038641 0.959492973614 0.000001986442 0.001972921678
0.962917287348 0.001975216529 -36.851806705615 0.962917287348 0.000001987593 0.001975216529
0.965925826289 0.001977231859 -33.879333779300 0.965925826289 0.000001988603 0.001977231859
0.968583161129 0.001979011242 -31.251292901567 0.968583161129 0.000001989495 0.001979011242
0.974011916942 0.001982644407 -25.874930203877 0.974011916942 0.000001991315 0.001982644407
0.978147600734 0.001985410399 -21.772461348950 0.978147600734 0.000001992700 0.001985410399
0.981370126139 0.001987564590 -18.571811809130 0.981370126139 0.000001993778 0.001987564590
0.983929588599 0.001989274870 -16.027229398491 0.983929588599 0.000001994635 0.001989274870
0.985996037071 0.001990655279 -13.971185854178 0.985996037071 0.000001995325 0.001990655279
0.987688340595 0.001991785470 -12.286334153466 0.987688340595 0.000001995891 0.001991785470
0.989091608371 0.001992722437 -10.888516058112 0.989091608371 0.000001996360 0.001992722437
0.990268068742 0.001993507827 -9.716115367854 0.990268068742 0.000001996753 0.001993507827
0.991264069327 0.001994172647 -8.723188980089 0.991264069327 0.000001997085 0.001994172647
0.992114701314 0.001994740366 -7.874919316325 0.992114701314 0.000001997369 0.001994740366
0.993481735349 0.001995652599 -6.511174106990 0.993481735349 0.000001997826 0.001995652599
0.994521895368 0.001996346595 -5.473097538212 0.994521895368 0.000001998173 0.001996346595
0.995331634718 0.001996886787 -4.664729614064 0.995331634718 0.000001998443 0.001996886787
0.995974293995 0.001997315475 -4.023002776056 0.995974293995 0.000001998658 0.001997315475
0.996492859250 0.001997661359 -3.505089305081 0.996492859250 0.000001998831 0.001997661359
0.996917333733 0.001997944466 -3.081081484324 0.996917333733 0.000001998972 0.001997944466
0.997269173386 0.001998179117 -2.729583032519 0.997269173386 0.000001999089 0.001998179117
0.997564050260 0.001998375770 -2.434960282832 0.997564050260 0.000001999188 0.001998375770
0.997813627219 0.001998542206 -2.185575728306 0.997813627219 0.000001999271 0.001998542206
0.998026728428 0.001998684312 -1.972622348684 0.998026728428 0.000001999342 0.001998684312
0.998369103926 0.001998912618 -1.630452625533 0.998369103926 0.000001999456 0.001998912618
0.998629534755 0.001999086273 -1.370152130429 0.998629534755 0.000001999543 0.001999086273
0.998832226832 0.001999221424 -1.167545832211 0.998832226832 0.000001999611 0.001999221424
0.998993066541 0.001999328666 -1.006764438812 0.998993066541 0.000001999664 0.001999328666
0.999122830099 0.001999415186 -0.877041640799 0.999122830099 0.000001999708 0.001999415186
0.999229036241 0.001999485998 -0.770864679812 0.999229036241 0.000001999743 0.001999485998
0.999317060143 0.001999544686 -0.682862111883 0.999317060143 0.000001999772 0.001999544686
0.999390827019 0.001999593868 -0.609111124748 0.999390827019 0.000001999797 0.001999593868
0.999453257341 0.001999635492 -0.546692832369 0.999453257341 0.000001999818 0.001999635492
0.999506560366 0.001999671029 -0.493399049818 0.999506560366 0.000001999836 0.001999671029
0.999552432284 0.001999701613 -0.447534327364 0.999552432284 0.000001999851 0.001999701613
0.999592192828 0.001999728121 -0.407779451768 0.999592192828 0.000001999864 0.001999728121
0.999626881262 0.001999751248 -0.373095533426 0.999626881262 0.000001999876 0.001999751248
0.999657324976 0.001999771545 -0.342655452073 0.999657324976 0.000001999886 0.001999771545
0.999684189283 0.001999789455 -0.315794092915 0.999684189283 0.000001999895 0.001999789455
0.999738997023 0.001999825995 -0.260991622368 0.999738997023 0.000001999913 0.001999825995
0.999780683475 0.001999853787 -0.219308508180 0.999780683475 0.000001999927 0.001999853787
0.999813125737 0.001999875416 -0.186868442163 0.999813125737 0.000001999938 0.001999875416
0.999838867929 0.001999892577 -0.161127743545 0.999838867929 0.000001999946 0.001999892577
0.999859635577 0.001999906423 -0.140361139432 0.999859635577 0.000001999953 0.001999906423
0.999876632482 0.001999917754 -0.123364981686 0.999876632482 0.000001999959 0.001999917754
0.999890719174 0.001999927146 -0.109278836030 0.999890719174 0.000001999964 0.001999927146
0.999902524009 0.001999935016 -0.097474407070 0.999902524009 0.000001999968 0.001999935016
0.999912514478 0.001999941676 -0.087484246724 0.999912514478 0.000001999971 0.001999941676
0.999921044204 0.001999947363 -0.078954757165 0.999921044204 0.000001999974 0.001999947363
0.999934747127 0.001999956498 -0.065252163483 0.999934747127 0.000001999978 0.001999956498
0.999945169366 0.001999963446 -0.054830133416 0.999945169366 0.000001999982 0.001999963446
0.999953280343 0.001999968853 -0.046719293250 0.999953280343 0.000001999984 0.001999968853
0.999959716171 0.001999973144 -0.040283558662 0.999959716171 0.000001999987 0.001999973144
0.999964908278 0.001999976605 -0.035091516280 0.999964908278 0.000001999988 0.001999976605
0.999969157645 0.001999979438 -0.030842196667 0.999969157645 0.000001999990 0.001999979438
0.999972679420 0.001999981786 -0.027320455418 0.999972679420 0.000001999991 0.001999981786
0.999975630705 0.001999983754 -0.024369195628 0.999975630705 0.000001999992 0.001999983754
0.999978128380 0.001999985419 -0.021871540047 0.999978128380 0.000001999993 0.001999985419
0.999980260856 0.001999986841 -0.019739078924 0.999980260856 0.000001999993 0.001999986841
0.999983686649 0.001999989124 -0.016313306995 0.999983686649 0.000001999995 0.001999989124
0.999986292247 0.001999990861 -0.013707721256 0.999986292247 0.000001999995 0.001999990861
0.999988320018 0.001999992213 -0.011679959734 0.999988320018 0.000001999996 0.001999992213
0.999989928992 0.001999993286 -0.010070991091 0.999989928992 0.000001999997 0.001999993286
0.999991227031 0.001999994151 -0.008772956035 0.999991227031 0.000001999997 0.001999994151
0.999992289381 0.001999994860 -0.007710608620 0.999992289381 0.000001999997 0.001999994860
0.999993169832 0.001999995447 -0.006830160506 0.999993169832 0.000001999998 0.001999995447
0.999993907658 0.001999995938 -0.006092336024 0.999993907658 0.000001999998 0.001999995938
0.999994532080 0.001999996355 -0.005467914910 0.999994532080 0.000001999998 0.001999996355
0.999995065202 0.001999996710 -0.004934794083 0.999995065202 0.000001999998 0.001999996710
0.999995523992 0.001999997016 -0.004476004388 0.999995523992 0.000001999999 0.001999997016
0.999995921654 0.001999997281 -0.004078343382 0.999995921654 0.000001999999 0.001999997281
0.999996268583 0.001999997512 -0.003731414792 0.999996268583 0.000001999999 0.001999997512
0.999996573056 0.001999997715 -0.003426942058 0.999996573056 0.000001999999 0.001999997715
0.999996841728 0.001999997894 -0.003158270083 0.999996841728 0.000001999999 0.001999997894
0.999997389858 0.001999998260 -0.002610141042 0.999997389858 0.000001999999 0.001999998260
0.999997806755 0.001999998538 -0.002193243819 0.999997806755 0.000001999999 0.001999998538
0.999998131200 0.001999998754 -0.001868799669 0.999998131200 0.000001999999 0.001999998754
0.999998388636 0.001999998926 -0.001611363118 0.999998388636 0.000001999999 0.001999998926
0.999998596323 0.001999999064 -0.001403676414 0.999998596323 0.000002000000 0.001999999064
0.999998766300 0.001999999178 -0.001233700043 0.999998766300 0.000002000000 0.001999999178
0.999998802494 0.001999999202 -0.001197505455 0.999998802494 0.000002000000 0.001999999202
0.999999025224 0.001999999350 -0.000974775427 0.999999025224 0.000002000000 0.001999999350
0.999999125132 0.001999999417 -0.000874867725 0.999999125132 0.000002000000 0.001999999417
0.999999210432 0.001999999474 -0.000789568144 0.999999210432 0.000002000000 0.001999999474
0.999999347464 0.001999999565 -0.000652535686 0.999999347464 0.000002000000 0.001999999565
0.999999451689 0.001999999634 -0.000548311255 0.999999451689 0.000002000000 0.001999999634
0.999999532800 0.001999999689 -0.000467200136 0.999999532800 0.000002000000 0.001999999689
0.999999597159 0.001999999731 -0.000402840942 0.999999597159 0.000002000000 0.001999999731
0.999999649081 0.001999999766 -0.000350919227 0.999999649081 0.000002000000 0.001999999766
