0.582823748971 0.004806583546 -118.597695302122 0.431820473398 0.000016907517 0.004806583546
0.617634525188 0.004905854006 -109.793284107127 0.470851716563 0.000017085100 0.004905854006
0.648390010972 0.004994122727 -101.838875295155 0.505758199433 0.000017242761 0.004994122727
0.675674943505 0.005072983601 -94.647147959687 0.537090178190 0.000017383468 0.005072983601
0.699976879654 0.005143753719 -88.136830453263 0.565313722197 0.000017509650 0.005143753719
0.721703810767 0.005207528166 -82.233988655493 0.590824352920 0.000017623312 0.005207528166
0.766875293544 0.005342017819 -69.717160438446 0.644821155820 0.000017862981 0.005342017819
0.802019218123 0.005448955358 -59.754481976245 0.687896563982 0.000018053682 0.005448955358
0.829860606681 0.005535592880 -51.724602935888 0.722841665604 0.000018208403 0.005535592880
0.852269875393 0.005606926058 -45.173993549690 0.751614574176 0.000018336034 0.005606926058
0.870561063399 0.005666487553 -39.769593237828 0.775618153171 0.000018442837 0.005666487553
0.885677100440 0.005716833891 -35.264305580114 0.795877283676 0.000018533330 0.005716833891
0.898307712032 0.005759853451 -31.472650502896 0.813154237736 0.000018610847 0.005759853451
0.908966227447 0.005796966720 -28.253712719156 0.828025302728 0.000018677890 0.005796966720
0.918040725056 0.005829259757 -25.499163547686 0.840932684513 0.000018736375 0.005829259757
0.925828788918 0.005857575154 -23.124779806015 0.852220328637 0.000018787787 0.005857575154
0.938420765040 0.005904787140 -19.265425833688 0.870964634491 0.000018873825 0.005904787140
0.948067194393 0.005942461724 -16.291596219095 0.885837880734 0.000018942816 0.005942461724
0.955617738335 0.005973135419 -13.953250561151 0.897878789560 0.000018999247 0.005973135419
0.961637082478 0.005998536206 -12.082281496814 0.907794347405 0.000019046183 0.005998536206
0.966512156774 0.006019877523 -10.562455057527 0.916080148766 0.000019085782 0.006019877523
0.970515169246 0.006038033958 -9.311407270049 0.923092561432 0.000019119603 0.006038033958
0.973842065835 0.006053650254 -8.269499402873 0.929093587801 0.000019148799 0.006053650254
0.976636768563 0.006067211190 -7.392712871956 0.934279643891 0.000019174241 0.006067211190
0.979006891440 0.006079087674 -6.647998943079 0.938800539489 0.000019196596 0.006079087674
0.981034190212 0.006089567910 -6.010162624046 0.942772306596 0.000019216383 0.006089567910
0.984298505411 0.006107201936 -4.981460091344 0.949414249527 0.000019249818 0.006107201936
0.986787781949 0.006121441114 -4.195569594400 0.954735991228 0.000019276957 0.006121441114
0.988729142189 0.006133163903 -3.581769316458 0.959086215020 0.000019299405 0.006133163903
0.990272261497 0.006142973093 -3.093301748775 0.962702662725 0.000019318269 0.006142973093
0.991519011762 0.006151295214 -2.698260014103 0.965752526622 0.000019334335 0.006151295214
0.992540670228 0.006158440075 -2.374272158832 0.968356532608 0.000019348176 0.006158440075
0.993388314202 0.006164637838 -2.105278087686 0.970603866034 0.000019360221 0.006164637838
0.994099318499 0.006170062885 -1.879508635963 0.972561736019 0.000019370795 0.006170062885
0.994701539859 0.006174849636 -1.688180696420 0.974281684857 0.000019380150 0.006174849636
0.995216083425 0.006179103298 -1.524632627513 0.975803857900 0.000019388484 0.006179103298
0.995659174826 0.006182907343 -1.383738084503 0.977159959314 0.000019395954 0.006182907343
0.996043453630 0.006186328813 -1.261500373624 0.978375339855 0.000019402687 0.006186328813
0.996378883845 0.006189422147 -1.154766503969 0.979470498500 0.000019408786 0.006189422147
0.996673405741 0.006192231992 -1.061022224281 0.980462180295 0.000019414337 0.006192231992
0.996933409697 0.006194795301 -0.978242863441 0.981364190970 0.000019419410 0.006194795301
0.997464198316 0.006200315510 -0.809185603214 0.983297750567 0.000019430364 0.006200315510
0.997868234291 0.006204839620 -0.680436804738 0.984872848579 0.000019439372 0.006204839620
0.998182879923 0.006208613590 -0.580133112542 0.986179843096 0.000019446910 0.006208613590
0.998432681941 0.006211808862 -0.500474253763 0.987281268749 0.000019453309 0.006211808862
0.998634305865 0.006214548517 -0.436160962783 0.988221729883 0.000019458808 0.006214548517
0.998799388252 0.006216923152 -0.383491075664 0.989033868200 0.000019463585 0.006216923152
0.998936253538 0.006219000912 -0.339814968984 0.989742104089 0.000019467772 0.006219000912
0.999050984076 0.006220834017 -0.303195905170 0.990365061210 0.000019471472 0.006220834017
0.999148107567 0.006222463152 -0.272191688447 0.990917183557 0.000019474765 0.006222463152
0.999231050610 0.006223920473 -0.245710531550 0.991409841477 0.000019477716 0.006223920473
0.999364339393 0.006226417787 -0.203148034363 0.992251296347 0.000019482780 0.006226417787
0.999465753636 0.006228479632 -0.170757305530 0.992943305017 0.000019486971 0.006228479632
0.999544701835 0.006230210588 -0.145537784235 0.993522306816 0.000019490495 0.006230210588
0.999607360950 0.006231684273 -0.125518894962 0.994013814226 0.000019493500 0.006231684273
0.999657922267 0.006232954002 -0.109363182672 0.994436214933 0.000019496093 0.006232954002
0.999699310894 0.006234059325 -0.096137030238 0.994803092149 0.000019498353 0.006234059325
0.999733618492 0.006235030198 -0.085172707930 0.995124694948 0.000019500340 0.006235030198
0.999762372818 0.006235889721 -0.075982425474 0.995408900521 0.000019502101 0.006235889721
0.999786710776 0.006236655995 -0.068203132917 0.995661861796 0.000019503672 0.006236655995
0.999807492555 0.006237343402 -0.061560111890 0.995888454113 0.000019505082 0.006237343402
0.999840883129 0.006238525740 -0.050885769507 0.996277445559 0.000019507511 0.006238525740
0.999866283810 0.006239506182 -0.042764901161 0.996599286013 0.000019509527 0.006239506182
0.999886054380 0.006240332347 -0.036443557159 0.996869964802 0.000019511228 0.006240332347
0.999901743650 0.006241037979 -0.031426824442 0.997100772355 0.000019512681 0.006241037979
0.999914402288 0.006241647652 -0.027378930283 0.997299907033 0.000019513938 0.006241647652
0.999924763404 0.006242179688 -0.024065564108 0.997473465173 0.000019515036 0.006242179688
0.999933351133 0.006242648023 -0.021319192527 0.997626073819 0.000019516003 0.006242648023
0.999940548242 0.006243063450 -0.019017458796 0.997761307990 0.000019516861 0.006243063450
0.999946639540 0.006243434451 -0.017069315274 0.997881973455 0.000019517627 0.006243434451
0.999951840485 0.006243767791 -0.015405879517 0.997990302982 0.000019518316 0.006243767791
0.999956316506 0.006244068925 -0.013974260804 0.998088095453 0.000019518939 0.006244068925
0.999960196325 0.006244342306 -0.012733303368 0.998176816333 0.000019519505 0.006244342306
0.999963581308 0.006244591599 -0.011650595223 0.998257671474 0.000019520020 0.006244591599
0.999966552163 0.006244819854 -0.010700330125 0.998331662148 0.000019520493 0.006244819854
0.999969173787 0.006245029626 -0.009861755501 0.998399626652 0.000019520927 0.006245029626
0.999974522556 0.006245486568 -0.008150807500 0.998547557122 0.000019521874 0.006245486568
0.999978591007 0.006245866576 -0.006849359139 0.998670459770 0.000019522661 0.006245866576
0.999981757396 0.006246187570 -0.005836440268 0.998774189581 0.000019523326 0.006246187570
0.999984269948 0.006246462304 -0.005032662192 0.998862907658 0.000019523896 0.006246462304
0.999986297031 0.006246700107 -0.004384174853 0.998939652382 0.000019524389 0.006246700107
0.999987956109 0.006246907955 -0.003853406890 0.999006694102 0.000019524821 0.006246907955
0.999988309398 0.006246954001 -0.003740382240 0.999021541675 0.000019524916 0.006246954001
0.999990483489 0.006247253893 -0.003044835779 0.999118202292 0.000019525539 0.006247253893
0.999991458733 0.006247399373 -0.002732824835 0.999165067829 0.000019525841 0.006247399373
0.999992291400 0.006247530216 -0.002466426069 0.999207203599 0.000019526113 0.006247530216
0.999993629103 0.006247756015 -0.002038442323 0.999279887125 0.000019526582 0.006247756015
0.999994646570 0.006247943987 -0.001712909319 0.999340363405 0.000019526972 0.006247943987
0.999995438420 0.006248102901 -0.001459557489 0.999391469369 0.000019527302 0.006248102901
0.999996066744 0.006248239013 -0.001258523414 0.999435226122 0.000019527585 0.006248239013
0.999996573654 0.006248356902 -0.001096334414 0.999473112530 0.000019527830 0.006248356902
