0.714547441881 0.004329392044 -106.823466930603 0.646541510680 0.000011568956 0.004329392044
0.739522978646 0.004380778517 -98.042065611667 0.673986685279 0.000011638801 0.004380778517
0.761411003064 0.004426016447 -90.254197118590 0.698207635997 0.000011700274 0.004426016447
0.780691576783 0.004466062696 -83.323765675997 0.719689186534 0.000011754692 0.004466062696
0.797756702034 0.004501694967 -77.135327179926 0.738829652717 0.000011803121 0.004501694967
0.812928604568 0.004533550393 -71.590958264481 0.755958330125 0.000011846435 0.004533550393
0.844216991383 0.004599902164 -60.032019362267 0.791667831944 0.000011936740 0.004599902164
0.868322761423 0.004651811665 -51.012823203125 0.819609103580 0.000012007524 0.004651811665
0.887272170607 0.004693270191 -43.853936216731 0.841904960908 0.000012064189 0.004693270191
0.902428942264 0.004726971100 -38.084354912661 0.859999748892 0.000012110368 0.004726971100
0.914736539549 0.004754786055 -33.370920800089 0.874902937043 0.000012148586 0.004754786055
0.924863691121 0.004778049267 -29.473410046955 0.887336979931 0.000012180640 0.004778049267
0.933294653070 0.004797733250 -26.215490213147 0.897829891820 0.000012207838 0.004797733250
0.940386829134 0.004814560928 -23.465586035109 0.906774853044 0.000012231156 0.004814560928
0.946408516223 0.004829079133 -21.124033534091 0.914469569850 0.000012251330 0.004829079133
0.951564211526 0.004841707980 -19.114296954131 0.921142863086 0.000012268929 0.004841707980
0.959875339862 0.004862537724 -15.864900402779 0.932100589333 0.000012298071 0.004862537724
0.966220905239 0.004878936506 -13.375881447950 0.940674853431 0.000012321136 0.004878936506
0.971174257424 0.004892125817 -11.428011004806 0.947529539689 0.000012339782 0.004892125817
0.975114246780 0.004902926824 -9.875499624581 0.953109962650 0.000012355124 0.004902926824
0.978299252676 0.004911909321 -8.618418107502 0.957724295024 0.000012367943 0.004911909321
0.980910345019 0.004919479534 -7.586455759435 0.961591594065 0.000012378793 0.004919479534
0.983077442864 0.004925933940 -6.728999210804 0.964871233594 0.000012388083 0.004925933940
0.984895708887 0.004931493396 -6.008875176130 0.967681549526 0.000012396116 0.004931493396
0.986436130130 0.004936325418 -5.398291309399 0.970111999953 0.000012403124 0.004936325418
0.987752525509 0.004940559114 -4.876136397856 0.972231301291 0.000012409286 0.004940559114
0.989869702812 0.004947614296 -4.035619490234 0.975739349425 0.000012419606 0.004947614296
0.991482057737 0.004953243696 -3.394899707349 0.978514496063 0.000012427891 0.004953243696
0.992738144818 0.004957829071 -2.895373468557 0.980757006828 0.000012434678 0.004957829071
0.993735655436 0.004961629247 -2.498434584176 0.982601785442 0.000012440332 0.004961629247
0.994540964116 0.004964825368 -2.177816102174 0.984142658182 0.000012445109 0.004964825368
0.995200443491 0.004967547687 -1.915145723051 0.985446686417 0.000012449197 0.004967547687
0.995747282841 0.004969892073 -1.697261891827 0.986562943768 0.000012452731 0.004969892073
0.996205741757 0.004971930536 -1.514536651085 0.987528085954 0.000012455815 0.004971930536
0.996593884911 0.004973718136 -1.359795856223 0.988369992091 0.000012458529 0.004973718136
0.996925387485 0.004975297648 -1.227605489150 0.989110208214 0.000012460935 0.004975297648
0.997210755364 0.004976702768 -1.113788833206 0.989765625432 0.000012463082 0.004976702768
0.997458167240 0.004977960381 -1.015092968788 0.990349656438 0.000012465009 0.004977960381
0.997674066815 0.004979092183 -0.928954066653 0.990873075761 0.000012466747 0.004979092183
0.997863586377 0.004980115863 -0.853329399977 0.991344629957 0.000012468324 0.004980115863
0.998030854483 0.004981045979 -0.786575253052 0.991771487502 0.000012469760 0.004981045979
0.998372204547 0.004983036478 -0.650321967053 0.992679596986 0.000012472844 0.004983036478
0.998631923431 0.004984654500 -0.546628533288 0.993412005444 0.000012475362 0.004984654500
0.998834105856 0.004985994651 -0.465891547970 0.994014424574 0.000012477457 0.004985994651
0.998994571171 0.004987122218 -0.401803456294 0.994518140736 0.000012479227 0.004987122218
0.999124053542 0.004988083654 -0.350082932492 0.994945246352 0.000012480740 0.004988083654
0.999230044414 0.004988912876 -0.307741227978 0.995311761404 0.000012482050 0.004988912876
0.999317900727 0.004989635211 -0.272640695576 0.995629571004 0.000012483193 0.004989635211
0.999391535192 0.004990269939 -0.243219704481 0.995907669551 0.000012484201 0.004990269939
0.999453859514 0.004990831991 -0.218315955157 0.996152983489 0.000012485095 0.004990831991
0.999507076680 0.004991333101 -0.197049932555 0.996370929600 0.000012485894 0.004991333101
0.999592580777 0.004992188082 -0.162879079216 0.996741049613 0.000012487260 0.004992188082
0.999657623817 0.004992890332 -0.136882923321 0.997043352552 0.000012488386 0.004992890332
0.999708249141 0.004993477274 -0.116647681144 0.997294791984 0.000012489329 0.004993477274
0.999748423155 0.004993975062 -0.100588894390 0.997507132388 0.000012490131 0.004993975062
0.999780836505 0.004994402515 -0.087631603639 0.997688786072 0.000012490821 0.004994402515
0.999807366580 0.004994773518 -0.077025685460 0.997845923606 0.000012491422 0.004994773518
0.999829355590 0.004995098532 -0.068234804788 0.997983171490 0.000012491948 0.004995098532
0.999847783725 0.004995385592 -0.060867258791 0.998104065205 0.000012492414 0.004995385592
0.999863380301 0.004995640964 -0.054631578997 0.998211351991 0.000012492829 0.004995640964
0.999876697051 0.004995869612 -0.049307256707 0.998307198324 0.000012493201 0.004995869612
0.999898091523 0.004996261899 -0.040752998699 0.998471162462 0.000012493840 0.004996261899
0.999914364943 0.004996586240 -0.034246062186 0.998606261725 0.000012494369 0.004996586240
0.999927030248 0.004996858862 -0.029181668766 0.998719484472 0.000012494815 0.004996858862
0.999937080289 0.004997091208 -0.025162914991 0.998815735644 0.000012495195 0.004997091208
0.999945188500 0.004997291583 -0.021920573778 0.998898558198 0.000012495524 0.004997291583
0.999951824726 0.004997466154 -0.019266802325 0.998970574541 0.000012495810 0.004997466154
0.999957324848 0.004997619602 -0.017067310872 0.999033766905 0.000012496062 0.004997619602
0.999961934138 0.004997755539 -0.015224033970 0.999089661244 0.000012496285 0.004997755539
0.999965835080 0.004997876798 -0.013664007436 0.999139451236 0.000012496485 0.004997876798
0.999969165718 0.004997985635 -0.012332035254 0.999184083970 0.000012496664 0.004997985635
0.999972032035 0.004998083863 -0.011185739340 0.999224320438 0.000012496826 0.004998083863
0.999974516493 0.004998172961 -0.010192146665 0.999260779063 0.000012496972 0.004998172961
0.999976684027 0.004998254146 -0.009325291326 0.999293967571 0.000012497106 0.004998254146
0.999978586336 0.004998328425 -0.008564500733 0.999324306675 0.000012497229 0.004998328425
0.999980264990 0.004998396644 -0.007893151603 0.999352147943 0.000012497341 0.004998396644
0.999983689754 0.004998545094 -0.006523459525 0.999412657298 0.000012497586 0.004998545094
0.999986294640 0.004998668391 -0.005481653284 0.999462835310 0.000012497790 0.004998668391
0.999988321899 0.004998772428 -0.004670855039 0.999505118615 0.000012497962 0.004998772428
0.999989930498 0.004998861389 -0.004027492601 0.999541233749 0.000012498109 0.004998861389
0.999991228256 0.004998938330 -0.003508447555 0.999572438178 0.000012498237 0.004998938330
0.999992290391 0.004999005532 -0.003083637938 0.999599669414 0.000012498348 0.004999005532
0.999992516562 0.004999020414 -0.002993178303 0.999605696715 0.000012498373 0.004999020414
0.999993908367 0.004999117285 -0.002436509134 0.999644904141 0.000012498533 0.004999117285
0.999994532683 0.004999164245 -0.002186804363 0.999663893995 0.000012498611 0.004999164245
0.999995065719 0.004999206461 -0.001973607603 0.999680956313 0.000012498681 0.004999206461
0.999995922042 0.004999279273 -0.001631104420 0.999710363878 0.000012498802 0.004999279273
0.999996573355 0.004999339848 -0.001370597405 0.999734808533 0.000012498902 0.004999339848
0.999997080235 0.004999391030 -0.001167858265 0.999755448695 0.000012498987 0.004999391030
0.999997482433 0.004999434847 -0.001006988657 0.999773108322 0.000012499060 0.004999434847
0.999997806908 0.004999472783 -0.000877205664 0.999788389482 0.000012499123 0.004999472783
