0.000000000000 0.006366197724 -157.079632679520 0.000000000000 0.000040528473 0.006366197724
0.074730093586 0.006665816371 -149.181339207445 0.074730093586 0.000041343504 0.006665816371
0.142314838273 0.006931538911 -141.346171371778 0.142314838273 0.000042060411 0.006931538911
0.203456013052 0.007167999324 -133.734059874302 0.203456013052 0.000042693886 0.007167999324
0.258819045102 0.007379129756 -126.439394990926 0.258819045102 0.000043256063 0.007379129756
0.309016994375 0.007568267286 -119.513286589665 0.309016994375 0.000043757010 0.007568267286
0.415415013002 0.007962483565 -103.916116148215 0.415415013002 0.000044793325 0.007962483565
0.500000000000 0.008269933431 -90.689968211708 0.500000000000 0.000045594533 0.008269933431
0.568064746731 0.008513826772 -79.553232834291 0.568064746731 0.000046225927 0.008513826772
0.623489801859 0.008710264157 -70.177029761908 0.623489801859 0.000046731862 0.008710264157
0.669130606359 0.008870637931 -62.257555313948 0.669130606359 0.000047143236 0.008870637931
0.707106781187 0.009003163162 -55.536036726980 0.707106781187 0.000047482060 0.009003163162
0.739008917221 0.009113869305 -49.799465525541 0.739008917221 0.000047764340 0.009113869305
0.766044443119 0.009207254290 -44.875040720217 0.766044443119 0.000048001924 0.009207254290
0.789140509396 0.009286723987 -40.623287282680 0.789140509396 0.000048203728 0.009286723987
0.809016994375 0.009354892838 -36.931636609809 0.809016994375 0.000048376560 0.009354892838
0.841253532831 0.009465022439 -30.881331279078 0.841253532831 0.000048655249 0.009465022439
0.866025403784 0.009549296586 -26.179938779915 0.866025403784 0.000048868073 0.009549296586
0.885456025653 0.009615188700 -22.461090819164 0.885456025653 0.000049034214 0.009615188700
0.900968867902 0.009667663853 -19.472656676054 0.900968867902 0.000049166362 0.009667663853
0.913545457643 0.009710122092 -17.037344664436 0.913545457643 0.000049273181 0.009710122092
0.923879532511 0.009744953584 -15.027943247109 0.923879532511 0.000049360742 0.009744953584
0.932472229404 0.009773877460 -13.351460760754 0.932472229404 0.000049433404 0.009773877460
0.939692620786 0.009798155361 -11.938755218352 0.939692620786 0.000049494362 0.009798155361
0.945817241701 0.009818729853 -10.737615442926 0.945817241701 0.000049545997 0.009818729853
0.951056516295 0.009836316431 -9.708055193627 0.951056516295 0.000049590117 0.009836316431
0.959492973614 0.009864608391 -8.046263007728 0.959492973614 0.000049661060 0.009864608391
0.965925826289 0.009886159295 -6.775866755860 0.965925826289 0.000049715073 0.009886159295
0.970941817426 0.009902950442 -5.783325637037 0.970941817426 0.000049757140 0.009902950442
0.974927912182 0.009916285843 -4.993358081336 0.974927912182 0.000049790539 0.009916285843
0.978147600734 0.009927051996 -4.354492269790 0.978147600734 0.000049817497 0.009927051996
0.980785280403 0.009935868511 -3.830589515202 0.980785280403 0.000049839568 0.009935868511
0.982973099684 0.009943178977 -3.395683148666 0.982973099684 0.000049857867 0.009943178977
0.984807753012 0.009949307700 -3.030732440376 0.984807753012 0.000049873205 0.009949307700
0.986361303403 0.009954496207 -2.721521871824 0.986361303403 0.000049886189 0.009954496207
0.987688340595 0.009958927352 -2.457266830693 0.987688340595 0.000049897276 0.009958927352
0.988830826225 0.009962741624 -2.229667088064 0.988830826225 0.000049906819 0.009962741624
0.989821441881 0.009966048394 -2.032251138255 0.989821441881 0.000049915092 0.009966048394
0.990685946036 0.009968933832 -1.859913671586 0.990685946036 0.000049922310 0.009968933832
0.991444861374 0.009971466573 -1.708583860748 0.991444861374 0.000049928646 0.009971466573
0.992114701314 0.009973701828 -1.574983863265 0.992114701314 0.000049934237 0.009973701828
0.993481735349 0.009978262995 -1.302234821398 0.993481735349 0.000049945646 0.009978262995
0.994521895368 0.009981732974 -1.094619507642 0.994521895368 0.000049954324 0.009981732974
0.995331634718 0.009984433934 -0.932945922813 0.995331634718 0.000049961079 0.009984433934
0.995974293995 0.009986577375 -0.804600555211 0.995974293995 0.000049966439 0.009986577375
0.996492859250 0.009988306795 -0.701017861016 0.996492859250 0.000049970764 0.009988306795
0.996917333733 0.009989722332 -0.616216296865 0.996917333733 0.000049974303 0.009989722332
0.997269173386 0.009990895586 -0.545916606504 0.997269173386 0.000049977237 0.009990895586
0.997564050260 0.009991878848 -0.486992056566 0.997564050260 0.000049979695 0.009991878848
0.997813627219 0.009992711028 -0.437115145661 0.997813627219 0.000049981776 0.009992711028
0.998026728428 0.009993421562 -0.394524469737 0.998026728428 0.000049983553 0.009993421562
0.998369103926 0.009994563088 -0.326090525107 0.998369103926 0.000049986407 0.009994563088
0.998629534755 0.009995431365 -0.274030426086 0.998629534755 0.000049988578 0.009995431365
0.998832226832 0.009996107120 -0.233509166442 0.998832226832 0.000049990267 0.009996107120
0.998993066541 0.009996643330 -0.201352887762 0.998993066541 0.000049991608 0.009996643330
0.999122830099 0.009997075929 -0.175408328160 0.999122830099 0.000049992690 0.009997075929
0.999229036241 0.009997429989 -0.154172935962 0.999229036241 0.000049993575 0.009997429989
0.999317060143 0.009997723430 -0.136572422377 0.999317060143 0.000049994308 0.009997723430
0.999390827019 0.009997969341 -0.121822224950 0.999390827019 0.000049994923 0.009997969341
0.999453257341 0.009998177458 -0.109338566474 0.999453257341 0.000049995444 0.009998177458
0.999506560366 0.009998355147 -0.098679809964 0.999506560366 0.000049995888 0.009998355147
0.999592192828 0.009998640606 -0.081555890354 0.999592192828 0.000049996601 0.009998640606
0.999657324976 0.009998857724 -0.068531090415 0.999657324976 0.000049997144 0.009998857724
0.999708014080 0.009999026695 -0.058394341936 0.999708014080 0.000049997567 0.009999026695
0.999748234943 0.009999160769 -0.050350898537 0.999748234943 0.000049997902 0.009999160769
0.999780683475 0.009999268934 -0.043861701636 0.999780683475 0.000049998172 0.009999268934
0.999807240482 0.009999357460 -0.038550664998 0.999807240482 0.000049998394 0.009999357460
0.999829250458 0.009999430828 -0.034148936509 0.999829250458 0.000049998577 0.009999430828
0.999847695156 0.009999492312 -0.030460195473 0.999847695156 0.000049998731 0.009999492312
0.999863304992 0.009999544346 -0.027338378638 0.999863304992 0.000049998861 0.009999544346
0.999876632482 0.009999588772 -0.024672996337 0.999876632482 0.000049998972 0.009999588772
0.999888101810 0.009999627003 -0.022379220562 0.999888101810 0.000049999068 0.009999627003
0.999898043009 0.009999660141 -0.020391051599 0.999898043009 0.000049999150 0.009999660141
0.999906715965 0.009999689051 -0.018656517026 0.999906715965 0.000049999223 0.009999689051
0.999914327574 0.009999714424 -0.017134240536 0.999914327574 0.000049999286 0.009999714424
0.999921044204 0.009999736813 -0.015790951433 0.999921044204 0.000049999342 0.009999736813
0.999934747127 0.009999782489 -0.013050432697 0.999934747127 0.000049999456 0.009999782489
0.999945169366 0.009999817231 -0.010966026683 0.999945169366 0.000049999543 0.009999817231
0.999953280343 0.009999844267 -0.009343858650 0.999953280343 0.000049999611 0.009999844267
0.999959716171 0.009999865720 -0.008056711732 0.999959716171 0.000049999664 0.009999865720
0.999964908278 0.009999883027 -0.007018303256 0.999964908278 0.000049999708 0.009999883027
0.999969157645 0.009999897192 -0.006168439333 0.999969157645 0.000049999743 0.009999897192
0.999970062501 0.009999900208 -0.005987469916 0.999970062501 0.000049999751 0.009999900208
0.999975630705 0.009999918769 -0.004873839126 0.999975630705 0.000049999797 0.009999918769
0.999978128380 0.009999927094 -0.004374308009 0.999978128380 0.000049999818 0.009999927094
0.999980260856 0.009999934203 -0.003947815785 0.999980260856 0.000049999836 0.009999934203
0.999983686649 0.009999945622 -0.003262661399 0.999983686649 0.000049999864 0.009999945622
0.999986292247 0.009999954307 -0.002741544251 0.999986292247 0.000049999886 0.009999954307
0.999988320018 0.009999961067 -0.002335991947 0.999988320018 0.000049999903 0.009999961067
0.999989928992 0.009999966430 -0.002014198218 0.999989928992 0.000049999916 0.009999966430
0.999991227031 0.009999970757 -0.001754591207 0.999991227031 0.000049999927 0.009999970757
