0.721703810767 0.004166022533 -102.792485819362 0.590824352920 0.000011278920 0.004166022533
0.745758303567 0.004223031748 -94.511684190122 0.619405489129 0.000011360191 0.004223031748
0.766875293544 0.004273614256 -87.146450548060 0.644821155820 0.000011432308 0.004273614256
0.785505802837 0.004318729795 -80.574961427855 0.667525891551 0.000011496654 0.004318729795
0.802019218123 0.004359164286 -74.693102470306 0.687896563982 0.000011554357 0.004359164286
0.816719993054 0.004395566178 -69.411998880570 0.706247365736 0.000011606342 0.004395566178
0.847097484107 0.004472251768 -58.366090226387 0.744915714654 0.000011716025 0.004472251768
0.870561063399 0.004533190042 -49.711991547285 0.775618153171 0.000011803416 0.004533190042
0.889045160541 0.004582570716 -42.819559863740 0.800450880568 0.000011874442 0.004582570716
0.903856761861 0.004623259108 -37.248766074481 0.820860208434 0.000011933150 0.004623259108
0.915903037582 0.004657271061 -32.686522994578 0.837869711976 0.000011982380 0.004657271061
0.925828788918 0.004686060123 -28.905974757518 0.852220328637 0.000012024184 0.004686060123
0.934102073231 0.004710697235 -25.739913168705 0.864459288167 0.000012060071 0.004710697235
0.941069068030 0.004731986592 -23.063128739087 0.874998071074 0.000012091177 0.004731986592
0.946990126438 0.004750542369 -20.780487033762 0.884151099044 0.000012118371 0.004750542369
0.952064018908 0.004766840745 -18.818732959447 0.892162131443 0.000012142326 0.004766840745
0.960252300123 0.004794085710 -15.641563444295 0.905484793047 0.000012182534 0.004794085710
0.966512156774 0.004815902019 -13.203068821909 0.916080148766 0.000012214900 0.004815902019
0.971403912448 0.004833723936 -11.291584149470 0.924679015197 0.000012241470 0.004833723936
0.975298507036 0.004848529771 -9.765932809109 0.931778205582 0.000012263644 0.004848529771
0.978449328101 0.004861007620 -8.529106168944 0.937725845893 0.000012282410 0.004861007620
0.981034190212 0.004871654328 -7.512703280057 0.942772306596 0.000012298485 0.004871654328
0.983180828122 0.004880836877 -6.667395034059 0.947101766296 0.000012312400 0.004880836877
0.984982901869 0.004888831756 -5.956893261365 0.950852417581 0.000012324556 0.004888831756
0.986510341803 0.004895850939 -5.354029027942 0.954129774763 0.000012335263 0.004895850939
0.987816209076 0.004902059472 -4.838138774039 0.957015661025 0.000012344761 0.004902059472
0.989917620877 0.004912539613 -4.007010131075 0.961857260224 0.000012360859 0.004912539613
0.991519011762 0.004921036171 -3.372825017629 0.965752526622 0.000012373974 0.004921036171
0.992767239444 0.004928056548 -2.877986307295 0.968948860603 0.000012384858 0.004928056548
0.993758969964 0.004933950207 -2.484496769146 0.971615453217 0.000012394032 0.004933950207
0.994559933386 0.004938965292 -2.166472603658 0.973871643949 0.000012401865 0.004938965292
0.995216083425 0.004943282638 -1.905790784391 0.975803857900 0.000012408629 0.004943282638
0.995760329031 0.004947037008 -1.689456686040 0.977476123005 0.000012414529 0.004947037008
0.996216737382 0.004950330804 -1.507956996523 0.978936823064 0.000012419719 0.004950330804
0.996603238104 0.004953243177 -1.354198079276 0.980223161918 0.000012424318 0.004953243177
0.996933409697 0.004955836241 -1.222803579302 0.981364190970 0.000012428422 0.004955836241
0.997217687591 0.004958159395 -1.109638815995 0.982382909371 0.000012432107 0.004958159395
0.997464198316 0.004960252408 -1.011482004017 0.983297750567 0.000012435433 0.004960252408
0.997679346392 0.004962147642 -0.925792707183 0.984123653715 0.000012438449 0.004962147642
0.997868234291 0.004963871696 -0.850546005923 0.984872848579 0.000012441198 0.004963871696
0.998034967605 0.004965446626 -0.784111901987 0.985555439091 0.000012443713 0.004965446626
0.998375296331 0.004968845532 -0.648469946828 0.987022504607 0.000012449153 0.004968845532
0.998634305865 0.004971638813 -0.545201203479 0.988221729883 0.000012453637 0.004971638813
0.998835980347 0.004973974522 -0.464768386562 0.989219856152 0.000012457397 0.004973974522
0.998996072430 0.004975956219 -0.400903831845 0.990063256714 0.000012460593 0.004975956219
0.999125274426 0.004977658487 -0.349351254096 0.990785127581 0.000012463345 0.004977658487
0.999231050610 0.004979136378 -0.307138164438 0.991409841477 0.000012465738 0.004979136378
0.999318739760 0.004980431407 -0.272137786737 0.991955687186 0.000012467838 0.004980431407
0.999392242130 0.004981575460 -0.242795946074 0.992436650633 0.000012469696 0.004981575460
0.999454460692 0.004982593431 -0.217955572546 0.992863606410 0.000012471352 0.004982593431
0.999507592185 0.004983505036 -0.196740892953 0.993245135061 0.000012472836 0.004983505036
0.999592968173 0.004985069424 -0.162646820267 0.993898038180 0.000012475386 0.004985069424
0.999657922267 0.004986363202 -0.136703978340 0.994436214933 0.000012477499 0.004986363202
0.999708483918 0.004987450916 -0.116506905355 0.994887394947 0.000012479279 0.004987450916
0.999748611157 0.004988378117 -0.100476160451 0.995271053429 0.000012480797 0.004988378117
0.999780989376 0.004989177863 -0.087539932071 0.995601265504 0.000012482109 0.004989177863
0.999807492555 0.004989874721 -0.076950139862 0.995888454113 0.000012483253 0.004989874721
0.999829460626 0.004990487334 -0.068171814197 0.996140501014 0.000012484259 0.004990487334
0.999847872216 0.004991030097 -0.060814188414 0.996363475885 0.000012485151 0.004991030097
0.999863455548 0.004991514306 -0.054586450483 0.996562128248 0.000012485948 0.004991514306
0.999876761570 0.004991948945 -0.049268561278 0.996740227543 0.000012486664 0.004991948945
0.999898140003 0.004992697122 -0.040723921892 0.997046318075 0.000012487896 0.004992697122
0.999914402288 0.004993318122 -0.034223662854 0.997299907033 0.000012488921 0.004993318122
0.999927059623 0.004993841820 -0.029164049236 0.997513426273 0.000012489785 0.004993841820
0.999937103810 0.004994289419 -0.025148806545 0.997695671960 0.000012490524 0.004994289419
0.999945207624 0.004994676377 -0.021909102200 0.997853042476 0.000012491164 0.004994676377
0.999951840485 0.004995014233 -0.019257349397 0.997990302982 0.000012491722 0.004995014233
0.999957337987 0.004995311774 -0.017059429435 0.998111075073 0.000012492215 0.004995311774
0.999961945207 0.004995575808 -0.015217394129 0.998218160289 0.000012492652 0.004995575808
0.999965844492 0.004995811693 -0.013658361515 0.998313759722 0.000012493042 0.004995811693
0.999969173787 0.004996023701 -0.012327194377 0.998399626652 0.000012493393 0.004996023701
0.999972039006 0.004996215283 -0.011181557448 0.998477174889 0.000012493711 0.004996215283
0.999974522556 0.004996389255 -0.010188509376 0.998547557122 0.000012493999 0.004996389255
0.999976689334 0.004996547937 -0.009322108036 0.998611722526 0.000012494262 0.004996547937
0.999978591007 0.004996693261 -0.008561698924 0.998670459770 0.000012494503 0.004996693261
0.999980269122 0.004996826845 -0.007890672675 0.998724429561 0.000012494725 0.004996826845
0.999983692859 0.004997117921 -0.006521596961 0.998841954026 0.000012495207 0.004997117921
0.999986297031 0.004997360085 -0.005480218566 0.998939652382 0.000012495609 0.004997360085
0.999988323780 0.004997564711 -0.004669726549 0.999022150698 0.000012495949 0.004997564711
0.999989932005 0.004997739899 -0.004026589037 0.999092739836 0.000012496240 0.004997739899
0.999991229480 0.004997891574 -0.003507712901 0.999153824710 0.000012496492 0.004997891574
0.999992291400 0.004998024173 -0.003083032586 0.999207203599 0.000012496712 0.004998024173
0.999992517527 0.004998053551 -0.002992599391 0.999219027462 0.000012496761 0.004998053551
0.999993909075 0.004998244926 -0.002436083957 0.999296022429 0.000012497079 0.004998244926
0.999994533285 0.004998337784 -0.002186442841 0.999333365232 0.000012497233 0.004998337784
0.999995066235 0.004998421311 -0.001973297639 0.999366946088 0.000012497372 0.004998421311
0.999995922430 0.004998565480 -0.001630871533 0.999424887645 0.000012497612 0.004998565480
0.999996573654 0.004998685521 -0.001370418017 0.999473112530 0.000012497811 0.004998685521
0.999997080470 0.004998787024 -0.001167717170 0.999513875775 0.000012497980 0.004998787024
0.999997482621 0.004998873975 -0.001006875685 0.999548784743 0.000012498125 0.004998873975
0.999997807062 0.004998949294 -0.000877113812 0.999579016065 0.000012498250 0.004998949294
