0.710118022628 0.004431613567 -109.345681918522 0.682273373375 0.000011748474 0.004431613567
0.735669289097 0.004479282465 -100.246589410492 0.708865325506 0.000011810995 0.004479282465
0.758038345513 0.004521008621 -92.191253268507 0.732214404658 0.000011865667 0.004521008621
0.777723769784 0.004557741817 -85.034231938992 0.752821912029 0.000011913763 0.004557741817
0.795131941934 0.004590250294 -78.652698795242 0.771097447596 0.000011956305 0.004590250294
0.810596356264 0.004619160562 -72.942859857272 0.787377922845 0.000011994126 0.004619160562
0.842449054752 0.004678858832 -61.062460460373 0.821068591429 0.000012072206 0.004678858832
0.866951552617 0.004724997159 -51.815391953688 0.847159530798 0.000012132564 0.004724997159
0.886187742547 0.004761421253 -44.490740029478 0.867777347434 0.000012180245 0.004761421253
0.901556823941 0.004790702908 -38.597830614074 0.884356324444 0.000012218614 0.004790702908
0.914024880100 0.004814614268 -33.790818253873 0.897890952832 0.000012249986 0.004814614268
0.924275512054 0.004834408556 -29.821062472896 0.909087769652 0.000012275992 0.004834408556
0.932803020625 0.004850992335 -26.506505353439 0.918459640031 0.000012297812 0.004850992335
0.939971756531 0.004865034620 -23.711588689922 0.926386016956 0.000012316319 0.004865034620
0.946054923518 0.004877037938 -21.333821648178 0.933152467471 0.000012332164 0.004877037938
0.951260550459 0.004887385765 -19.294625621174 0.938977210289 0.000012345847 0.004887385765
0.959646574768 0.004904238064 -16.000955232904 0.948441397842 0.000012368187 0.004904238064
0.966044321011 0.004917287955 -13.481024122850 0.955745577201 0.000012385547 0.004917287955
0.971035130209 0.004927620655 -11.510926982355 0.961508621379 0.000012399339 0.004927620655
0.975002696731 0.004935957313 -9.942029799497 0.966141686885 0.000012410506 0.004935957313
0.978208451962 0.004942792810 -8.672606163604 0.969926723119 0.000012419693 0.004942792810
0.980835453501 0.004948476231 -7.631172310233 0.973062405214 0.000012427357 0.004948476231
0.983014952587 0.004953259755 -6.766327235558 0.975692070489 0.000012433828 0.004953259755
0.984843027421 0.004957329392 -6.040355554060 0.977921289821 0.000012439351 0.004957329392
0.986391308291 0.004960824888 -5.425083561969 0.979829248912 0.000012444110 0.004960824888
0.987714075025 0.004963852955 -4.899126497433 0.981476313434 0.000012448245 0.004963852955
0.989840787585 0.004968819780 -4.052916163078 0.984164421142 0.000012455055 0.004968819780
0.991459769121 0.004972703425 -3.408237195291 0.986252366272 0.000012460411 0.004972703425
0.992720603599 0.004975807939 -2.905873132226 0.987910769240 0.000012464714 0.004975807939
0.993721603888 0.004978336237 -2.506847410080 0.989253059731 0.000012468237 0.004978336237
0.994529534845 0.004980428223 -2.184660280335 0.990357141054 0.000012471165 0.004980428223
0.995191022655 0.004982183071 -1.920788123628 0.991278025221 0.000012473633 0.004982183071
0.995739426178 0.004983672792 -1.701968128929 0.992055503864 0.000012475736 0.004983672792
0.996199121339 0.004984950779 -1.518502844053 0.992718969173 0.000012477549 0.004984950779
0.996588254426 0.004986057353 -1.363169351642 0.993290536289 0.000012479124 0.004986057353
0.996920559028 0.004987023467 -1.230498719026 0.993787119771 0.000012480504 0.004987023467
0.997206583576 0.004987873231 -1.116288789056 0.994221847214 0.000012481723 0.004987873231
0.997454538255 0.004988625671 -1.017267807495 0.994605041934 0.000012482805 0.004988625671
0.997670890411 0.004989295980 -0.930857798958 0.994944919002 0.000012483773 0.004989295980
0.997860790325 0.004989896420 -0.855005272073 0.995248086669 0.000012484642 0.004989896420
0.998028380406 0.004990436987 -0.788058221543 0.995519913177 0.000012485427 0.004990436987
0.998370345237 0.004991577009 -0.651436567459 0.996089399541 0.000012487090 0.004991577009
0.998630490975 0.004992485739 -0.547487324675 0.996539243439 0.000012488425 0.004992485739
0.998832978987 0.004993225334 -0.466567183257 0.996902310676 0.000012489517 0.004993225334
0.998993668798 0.004993837865 -0.402344523878 0.997200685444 0.000012490427 0.004993837865
0.999123319783 0.004994352737 -0.350522920926 0.997449696118 0.000012491195 0.004994352737
0.999229439748 0.004994791068 -0.308103824399 0.997660279855 0.000012491852 0.004994791068
0.999317396563 0.004995168385 -0.272943036022 0.997840428629 0.000012492420 0.004995168385
0.999391110436 0.004995496345 -0.243474433125 0.997996104693 0.000012492916 0.004995496345
0.999453498329 0.004995783849 -0.218532566283 0.998131837880 0.000012493352 0.004995783849
0.999506766989 0.004996037813 -0.197235667148 0.998251125734 0.000012493738 0.004996037813
0.999592348074 0.004996465785 -0.163018646945 0.998450758241 0.000012494392 0.004996465785
0.999657444559 0.004996812081 -0.136990440284 0.998610914684 0.000012494924 0.004996812081
0.999708108139 0.004997097751 -0.116732255522 0.998742025333 0.000012495365 0.004997097751
0.999748310253 0.004997337249 -0.100656615733 0.998851190368 0.000012495737 0.004997337249
0.999780744706 0.004997540810 -0.087686668038 0.998943398707 0.000012496053 0.004997540810
0.999807290936 0.004997715875 -0.077071060300 0.999022251562 0.000012496327 0.004997715875
0.999829292523 0.004997867979 -0.068272636403 0.999090409448 0.000012496565 0.004997867979
0.999847730593 0.004998001321 -0.060899130665 0.999149877960 0.000012496774 0.004998001321
0.999863335123 0.004998119143 -0.054658679989 0.999202195992 0.000012496960 0.004998119143
0.999876658316 0.004998223983 -0.049330493420 0.999248562966 0.000012497125 0.004998223983
0.999898062419 0.004998402394 -0.040770458073 0.999327046265 0.000012497408 0.004998402394
0.999914342525 0.004998548481 -0.034259511169 0.999390895752 0.000012497640 0.004998548481
0.999927012615 0.004998670253 -0.029192247297 0.999443819207 0.000012497834 0.004998670253
0.999937066170 0.004998773288 -0.025171385125 0.999488377329 0.000012497999 0.004998773288
0.999945177020 0.004998861583 -0.021927460569 0.999526393372 0.000012498141 0.004998861583
0.999951815267 0.004998938078 -0.019272477053 0.999559199588 0.000012498264 0.004998938078
0.999957316962 0.004999004982 -0.017072042065 0.999587791378 0.000012498371 0.004999004982
0.999961927494 0.004999063986 -0.015228019728 0.999612926990 0.000012498466 0.004999063986
0.999965829431 0.004999116408 -0.013667396483 0.999635193907 0.000012498551 0.004999116408
0.999969160874 0.004999163288 -0.012334940998 0.999655054181 0.000012498627 0.004999163288
0.999972027851 0.004999205458 -0.011188249477 0.999672876096 0.000012498695 0.004999205458
0.999974512854 0.004999243593 -0.010194329869 0.999688956728 0.000012498757 0.004999243593
0.999976680843 0.004999278244 -0.009327201996 0.999703538307 0.000012498813 0.004999278244
0.999978583533 0.004999309866 -0.008566182406 0.999716820281 0.000012498865 0.004999309866
0.999980262510 0.004999338840 -0.007894639458 0.999728968331 0.000012498912 0.004999338840
0.999983687891 0.004999401659 -0.006524577404 0.999755235767 0.000012499014 0.004999401659
0.999986293204 0.004999453594 -0.005482514355 0.999776876582 0.000012499099 0.004999453594
0.999988320770 0.004999497244 -0.004671532308 0.999795011431 0.000012499170 0.004999497244
0.999989929595 0.004999534444 -0.004028034870 0.999810426730 0.000012499231 0.004999534444
0.999991227521 0.004999566524 -0.003508888446 0.999823690439 0.000012499284 0.004999566524
0.999992289785 0.004999594471 -0.003084001225 0.999835222893 0.000012499329 0.004999594471
0.999992515983 0.004999600651 -0.002993525722 0.999837770085 0.000012499340 0.004999600651
0.999993907941 0.004999640797 -0.002436764287 0.999854291632 0.000012499406 0.004999640797
0.999994532321 0.004999660208 -0.002187021314 0.999862263725 0.000012499437 0.004999660208
0.999995065409 0.004999677630 -0.001973793614 0.999869409804 0.000012499466 0.004999677630
0.999995921809 0.004999707615 -0.001631244174 0.999881688757 0.000012499516 0.004999707615
0.999996573176 0.004999732498 -0.001370705052 0.999891859023 0.000012499557 0.004999732498
0.999997080094 0.004999753480 -0.001167942934 0.999900420471 0.000012499591 0.004999753480
0.999997482320 0.004999771411 -0.001007056447 0.999907726634 0.000012499621 0.004999771411
0.999997806817 0.004999786911 -0.000877260780 0.999914034583 0.000012499646 0.004999786911
