0.048097378849 0.005892687682 -145.396240713502 -0.044464742818 0.000038579160 0.005892687682
0.117393661120 0.006192272770 -138.583407213205 0.024757477108 0.000039437183 0.006192272770
0.180280154722 0.006460296103 -131.736708367729 0.088027342099 0.000040198613 0.006460296103
0.237350176461 0.006700794557 -125.017375147394 0.145823363617 0.000040877196 0.006700794557
0.289176041520 0.006917243059 -118.525091213937 0.198629541614 0.000041484398 0.006917243059
0.336291699120 0.007112627980 -112.318119063304 0.246911779882 0.000042029819 0.007112627980
0.436560912764 0.007524910139 -98.205469388415 0.350596540359 0.000043173038 0.007524910139
0.516682371961 0.007851941139 -86.106169808361 0.434457036626 0.000044073283 0.007851941139
0.581433533147 0.008115495486 -75.831223632922 0.502985591614 0.000044795193 0.008115495486
0.634354350818 0.008330949488 -67.120959782233 0.559575923077 0.000045383371 0.008330949488
0.678071347922 0.008509352827 -59.721917234054 0.606783560381 0.000045869333 0.008509352827
0.714547441881 0.008658784088 -53.411733465303 0.646541510680 0.000046275826 0.008658784088
0.745263980394 0.008785247114 -48.003827585623 0.680323585590 0.000046619593 0.008785247114
0.771350894739 0.008893272462 -43.344731373907 0.709264140443 0.000046913171 0.008893272462
0.793679450041 0.008986327534 -39.309251093061 0.734244964644 0.000047166099 0.008986327534
0.812928604568 0.009067100787 -35.795479132241 0.755958330125 0.000047385738 0.009067100787
0.844216991383 0.009199804328 -30.016009681134 0.791667831944 0.000047746959 0.009199804328
0.868322761423 0.009303623330 -25.506411601562 0.819609103580 0.000048030097 0.009303623330
0.887272170607 0.009386540381 -21.926968108365 0.841904960908 0.000048256755 0.009386540381
0.902428942264 0.009453942199 -19.042177456331 0.859999748892 0.000048441474 0.009453942199
0.914736539549 0.009509572110 -16.685460400045 0.874902937043 0.000048594345 0.009509572110
0.924863691121 0.009556098534 -14.736705023477 0.887336979931 0.000048722558 0.009556098534
0.933294653070 0.009595466500 -13.107745106573 0.897829891820 0.000048831353 0.009595466500
0.940386829134 0.009629121855 -11.732793017554 0.906774853044 0.000048924624 0.009629121855
0.946408516223 0.009658158265 -10.562016767046 0.914469569850 0.000049005322 0.009658158265
0.951564211526 0.009683415959 -9.557148477066 0.921142863086 0.000049075714 0.009683415959
0.959875339862 0.009725075447 -7.932450201390 0.932100589333 0.000049192285 0.009725075447
0.966220905239 0.009757873012 -6.687940723975 0.940674853431 0.000049284545 0.009757873012
0.971174257424 0.009784251634 -5.714005502403 0.947529539689 0.000049359126 0.009784251634
0.975114246780 0.009805853648 -4.937749812290 0.953109962650 0.000049420498 0.009805853648
0.978299252676 0.009823818642 -4.309209053751 0.957724295024 0.000049471772 0.009823818642
0.980910345019 0.009838959068 -3.793227879717 0.961591594065 0.000049515173 0.009838959068
0.983077442864 0.009851867881 -3.364499605402 0.964871233594 0.000049552331 0.009851867881
0.984895708887 0.009862986792 -3.004437588065 0.967681549526 0.000049584463 0.009862986792
0.986436130130 0.009872650835 -2.699145654699 0.970111999953 0.000049612495 0.009872650835
0.987752525509 0.009881118229 -2.438068198928 0.972231301291 0.000049637144 0.009881118229
0.988886294644 0.009888590855 -2.213072104775 0.974092997318 0.000049658972 0.009888590855
0.989869702812 0.009895228592 -2.017809745117 0.975739349425 0.000049678423 0.009895228592
0.990728195663 0.009901159534 -1.847268954828 0.977204104336 0.000049695857 0.009901159534
0.991482057737 0.009906487393 -1.697449853674 0.978514496063 0.000049711564 0.009906487393
0.992147619000 0.009911296954 -1.565129280669 0.979692715920 0.000049725784 0.009911296954
0.993506480728 0.009921483757 -1.294824724077 0.982172204188 0.000049756036 0.009921483757
0.994540964116 0.009929650735 -1.088908051087 0.984142658182 0.000049780438 0.009929650735
0.995346638255 0.009936332114 -0.928451286712 0.985741743495 0.000049800510 0.009936332114
0.995986310285 0.009941891538 -0.801000297811 0.987062489308 0.000049817295 0.009941891538
0.996502631413 0.009946584479 -0.698089628099 0.988169800285 0.000049831527 0.009946584479
0.996925387485 0.009950595297 -0.613802744575 0.989110208214 0.000049843741 0.009950595297
0.997275889099 0.009954060149 -0.543903866330 0.989917865043 0.000049854332 0.009954060149
0.997569708633 0.009957081642 -0.485296082929 0.990618354291 0.000049863600 0.009957081642
0.997818439044 0.009959738473 -0.435672814047 0.991231188261 0.000049871775 0.009959738473
0.998030854483 0.009962091958 -0.393287626526 0.991771487502 0.000049879039 0.009962091958
0.998372204547 0.009966072957 -0.325160983526 0.992679596986 0.000049891374 0.009966072957
0.998631923431 0.009969309001 -0.273314266644 0.993412005444 0.000049901449 0.009969309001
0.998834105856 0.009971989303 -0.232945773985 0.994014424574 0.000049909830 0.009971989303
0.998994571171 0.009974244437 -0.200901728147 0.994518140736 0.000049916907 0.009974244437
0.999124053542 0.009976167307 -0.175041466246 0.994945246352 0.000049922962 0.009976167307
0.999230044414 0.009977825752 -0.153870613989 0.995311761404 0.000049928199 0.009977825752
0.999317900727 0.009979270422 -0.136320347788 0.995629571004 0.000049932774 0.009979270422
0.999391535192 0.009980539879 -0.121609852241 0.995907669551 0.000049936803 0.009980539879
0.999453859514 0.009981663982 -0.109157977578 0.996152983489 0.000049940379 0.009981663982
0.999507076680 0.009982666202 -0.098524966278 0.996370929600 0.000049943574 0.009982666202
0.999592580777 0.009984376164 -0.081439539608 0.996741049613 0.000049949039 0.009984376164
0.999657623817 0.009985780664 -0.068441461661 0.997043352552 0.000049953543 0.009985780664
0.999708249141 0.009986954549 -0.058323840572 0.997294791984 0.000049957317 0.009986954549
0.999748423155 0.009987950124 -0.050294447195 0.997507132388 0.000049960525 0.009987950124
0.999780836505 0.009988805031 -0.043815801819 0.997688786072 0.000049963286 0.009988805031
0.999807366580 0.009989547036 -0.038512842730 0.997845923606 0.000049965686 0.009989547036
0.999829355590 0.009990197065 -0.034117402394 0.997983171490 0.000049967792 0.009990197065
0.999847783725 0.009990771183 -0.030433629395 0.998104065205 0.000049969656 0.009990771183
0.999863380301 0.009991281928 -0.027315789498 0.998211351991 0.000049971315 0.009991281928
0.999876697051 0.009991739223 -0.024653628354 0.998307198324 0.000049972803 0.009991739223
0.999888157589 0.009992151028 -0.022362489289 0.998393335291 0.000049974144 0.009992151028
0.999898091523 0.009992523798 -0.020376499350 0.998471162462 0.000049975359 0.009992523798
0.999906758422 0.009992862823 -0.018643781266 0.998541823447 0.000049976466 0.009992862823
0.999914364943 0.009993172481 -0.017123031093 0.998606261725 0.000049977477 0.009993172481
0.999921077266 0.009993456424 -0.015781033840 0.998665262495 0.000049978405 0.009993456424
0.999934771968 0.009994072802 -0.013042981145 0.998793051761 0.000049980422 0.009994072802
0.999945188500 0.009994583166 -0.010960286889 0.998898558198 0.000049982095 0.009994583166
0.999953295393 0.009995012680 -0.009339344013 0.998987133596 0.000049983504 0.009995012680
0.999959728221 0.009995379133 -0.008053096970 0.999062545088 0.000049984708 0.009995379133
0.999964918076 0.009995695456 -0.007015364257 0.999127520652 0.000049985748 0.009995695456
0.999969165718 0.009995971269 -0.006166017627 0.999184083970 0.000049986656 0.009995971269
0.999970070221 0.009996032288 -0.005985153987 0.999196585945 0.000049986857 0.009996032288
0.999975636375 0.009996428951 -0.004872138231 0.999277753981 0.000049988163 0.009996428951
0.999978133201 0.009996620908 -0.004372861771 0.999316968763 0.000049988796 0.009996620908
0.999980264990 0.009996793289 -0.003946575802 0.999352147943 0.000049989365 0.009996793289
0.999983689754 0.009997090188 -0.003261729763 0.999412657298 0.000049990345 0.009997090188
0.999986294640 0.009997336782 -0.002740826642 0.999462835310 0.000049991160 0.009997336782
0.999988321899 0.009997544856 -0.002335427520 0.999505118615 0.000049991848 0.009997544856
0.999989930498 0.009997722778 -0.002013746301 0.999541233749 0.000049992437 0.009997722778
0.999991228256 0.009997876660 -0.001754223778 0.999572438178 0.000049992946 0.009997876660
