0.172194303889 0.004743382228 -117.038265271471 -0.125841191293 0.000033549701 0.004743382228
0.228229877030 0.005030296582 -112.578315833118 -0.072782366527 0.000034484728 0.005030296582
0.279531884598 0.005292651092 -107.926389485202 -0.022783638831 0.000035331362 0.005292651092
0.326470336708 0.005532955235 -103.228883431131 0.024169614658 0.000036100453 0.005532955235
0.369419590881 0.005753475932 -98.584255861215 0.068168295559 0.000036801304 0.005753475932
0.408741104793 0.005956243107 -94.057221088667 0.109347671399 0.000037441907 0.005956243107
0.493335924814 0.006396861406 -83.483625111670 0.201025629531 0.000038822702 0.006396861406
0.561877644672 0.006760397181 -74.136050860111 0.278698789735 0.000039951968 0.006760397181
0.617929703350 0.007063981762 -66.005875014549 0.344795510027 0.000040889354 0.007063981762
0.664209875726 0.007320360454 -58.978825925049 0.401380268581 0.000041677750 0.007320360454
0.702781305658 0.007539106464 -52.912354372664 0.450143423187 0.000042348586 0.007539106464
0.735215103947 0.007727493615 -47.667065617290 0.492448732245 0.000042925311 0.007727493615
0.762715827524 0.007891115534 -43.118166701136 0.529391869027 0.000043425706 0.007891115534
0.786214813170 0.008034325126 -39.158326231437 0.561854130584 0.000043863461 0.008034325126
0.806438701151 0.008160548556 -35.697013160575 0.590547169423 0.000044249259 0.008160548556
0.823959638309 0.008272511729 -32.658567267222 0.616048741714 0.000044591545 0.008272511729
0.852620603490 0.008462006885 -27.608813353383 0.659281122294 0.000045171281 0.008462006885
0.874867715611 0.008615897498 -23.620972184836 0.694416780386 0.000045642784 0.008615897498
0.892466552344 0.008743068783 -20.423817784627 0.723437871368 0.000046033133 0.008743068783
0.906619027567 0.008849736778 -17.825183887741 0.747748924441 0.000046361206 0.008849736778
0.918164697875 0.008940364994 -15.686731678399 0.768367444621 0.000046640529 0.008940364994
0.927703560500 0.009018232369 -13.907247793681 0.786045497705 0.000046881029 0.009018232369
0.935673207323 0.009085796384 -12.411517781987 0.801349107696 0.000047090142 0.009085796384
0.942398621251 0.009144931793 -11.142822108219 0.814711285518 0.000047273543 0.009144931793
0.948125107197 0.009197091546 -10.057801130217 0.826468200943 0.000047435630 0.009197091546
0.953040554685 0.009243417691 -9.122887592489 0.836884342236 0.000047579866 0.009243417691
0.960990367456 0.009322028688 -7.603697137745 0.854495760755 0.000047825276 0.009322028688
0.967083414635 0.009386146595 -6.433163454350 0.868791917342 0.000048026122 0.009386146595
0.971855026956 0.009439390097 -5.512606274582 0.880609739012 0.000048193426 0.009439390097
0.975660914853 0.009484276817 -4.775819398662 0.890530245217 0.000048334872 0.009484276817
0.978744827732 0.009522609588 -4.177083977749 0.898968400199 0.000048455982 0.009522609588
0.981278279166 0.009555711648 -3.684027099146 0.906227895382 0.000048560817 0.009555711648
0.983384766921 0.009584575185 -3.273216796990 0.912535752826 0.000048652430 0.009584575185
0.985155030804 0.009609958163 -2.927360659788 0.918064866437 0.000048733159 0.009609958163
0.986656944170 0.009632449197 -2.633475429029 0.922949088100 0.000048804825 0.009632449197
0.987942090904 0.009652512102 -2.381661898055 0.927293568688 0.000048868865 0.009652512102
0.989050238161 0.009670517134 -2.164267085299 0.931181998956 0.000048926429 0.009670517134
0.990012440064 0.009686763335 -1.975300042267 0.934681777280 0.000048978447 0.009686763335
0.990853230857 0.009701494795 -1.810017310525 0.937847761680 0.000049025682 0.009701494795
0.991592200355 0.009714912661 -1.664624040834 0.940725036613 0.000049068761 0.009714912661
0.992245142694 0.009727184145 -1.536055351186 0.943350982293 0.000049108208 0.009727184145
0.993579876010 0.009753714229 -1.272929598435 0.949009407694 0.000049193651 0.009753714229
0.994597575974 0.009775565242 -1.072010685984 0.953649784041 0.000049264200 0.009775565242
0.995391216911 0.009793870464 -0.915139664274 0.957522476602 0.000049323427 0.009793870464
0.996022037747 0.009809425521 -0.790327749309 0.960802358717 0.000049373851 0.009809425521
0.996531703837 0.009822805148 -0.689402317664 0.963615167846 0.000049417295 0.009822805148
0.996949360091 0.009834434726 -0.606637376560 0.966053572205 0.000049455111 0.009834434726
0.997295888132 0.009844635742 -0.537924762607 0.968187337239 0.000049488327 0.009844635742
0.997586565860 0.009853655634 -0.480255224769 0.970069968392 0.000049517731 0.009853655634
0.997832779516 0.009861687915 -0.431383749343 0.971743174206 0.000049543943 0.009861687915
0.998043155240 0.009868886080 -0.389608005946 0.973239939234 0.000049567457 0.009868886080
0.998381453505 0.009881250144 -0.322393487299 0.975804825970 0.000049607897 0.009881250144
0.998639052085 0.009891486423 -0.271180716487 0.977922371365 0.000049641427 0.009891486423
0.998839715781 0.009900100078 -0.231266440943 0.979699973212 0.000049669679 0.009900100078
0.998999064870 0.009907448227 -0.199556315557 0.981213255404 0.000049693807 0.009907448227
0.999127708545 0.009913790438 -0.173947003982 0.982516993233 0.000049714652 0.009913790438
0.999233057092 0.009919319886 -0.152968380005 0.983651825850 0.000049732840 0.009919319886
0.999320413184 0.009924183291 -0.135567838177 0.984648534917 0.000049748851 0.009924183291
0.999393652312 0.009928494083 -0.120975689991 0.985530859392 0.000049763051 0.009928494083
0.999455660073 0.009932341333 -0.108618592497 0.986317398783 0.000049775732 0.009932341333
0.999508620770 0.009935795955 -0.098062375484 0.987022931338 0.000049787125 0.009935795955
0.999593741308 0.009941745370 -0.081091813104 0.988236317956 0.000049806760 0.009941745370
0.999658517998 0.009946686101 -0.068173511752 0.989242372670 0.000049823079 0.009946686101
0.999708952623 0.009950854548 -0.058113016476 0.990090019840 0.000049836857 0.009950854548
0.999748986528 0.009954418610 -0.050125598838 0.990813921278 0.000049848645 0.009954418610
0.999781294637 0.009957500815 -0.043678486165 0.991439318261 0.000049858844 0.009957500815
0.999807744133 0.009960192676 -0.038399672449 0.991985027098 0.000049867756 0.009960192676
0.999829670405 0.009962563915 -0.034023032754 0.992465360380 0.000049875609 0.009962563915
0.999848048966 0.009964668585 -0.030354116334 0.992891397939 0.000049882582 0.009964668585
0.999863605855 0.009966549239 -0.027248171255 0.993271850514 0.000049888815 0.009966549239
0.999876890456 0.009968239829 -0.024595645921 0.993613660653 0.000049894419 0.009968239829
0.999888324675 0.009969767778 -0.022312395452 0.993922429587 0.000049899486 0.009969767778
0.999898236858 0.009971155477 -0.020332925616 0.994202726168 0.000049904088 0.009971155477
0.999906885622 0.009972421387 -0.018605643480 0.994458314185 0.000049908288 0.009972421387
0.999914476905 0.009973580864 -0.017089461387 0.994692322176 0.000049912135 0.009973580864
0.999921176329 0.009974646789 -0.015751330856 0.994907371997 0.000049915673 0.009974646789
0.999934846406 0.009976969801 -0.013020660504 0.995375780947 0.000049923384 0.009976969801
0.999945245843 0.009978902875 -0.010943091525 0.995765292782 0.000049929804 0.009978902875
0.999953340500 0.009980536583 -0.009325817542 0.996094290603 0.000049935231 0.009980536583
0.999959764339 0.009981935469 -0.008042265652 0.996375858609 0.000049939879 0.009981935469
0.999964947443 0.009983146762 -0.007006557100 0.996619562854 0.000049943904 0.009983146762
0.999969189917 0.009984205826 -0.006158760110 0.996832559150 0.000049947425 0.009984205826
0.999970093364 0.009984440491 -0.005978213364 0.996879744113 0.000049948205 0.009984440491
0.999975653374 0.009985969236 -0.004867040292 0.997187044699 0.000049953288 0.009985969236
0.999978147655 0.009986711090 -0.004368526880 0.997336111597 0.000049955755 0.009986711090
0.999980277382 0.009987378436 -0.003942858967 0.997470175405 0.000049957974 0.009987378436
0.999983699066 0.009988530406 -0.003258936980 0.997701524975 0.000049961806 0.009988530406
0.999986301812 0.009989489687 -0.002738675316 0.997894107985 0.000049964998 0.009989489687
0.999988327541 0.009990300892 -0.002333735329 0.998056914871 0.000049967697 0.009990300892
0.999989935016 0.009990995850 -0.002012391359 0.998196355635 0.000049970010 0.009990995850
0.999991231929 0.009991597878 -0.001753122105 0.998317123636 0.000049972013 0.009991597878
