-0.854461278882 0.000021405990 -0.528171622773 -0.854797523380 0.000075158485 0.000021405990
-0.844364987154 0.000880238622 -19.699789074779 -0.857533326152 0.000082411100 0.000880238622
-0.818557209497 0.001733345876 -35.345946461520 -0.843309330726 0.000089181051 0.001733345876
-0.781380640682 0.002567567172 -47.903350206506 -0.816451293572 0.000095480054 0.002567567172
-0.736244081536 0.003374269784 -57.817201235639 -0.780413169724 0.000101328944 0.003374269784
-0.685784889412 0.004148109383 -65.504317792694 -0.737911569265 0.000106753575 0.004148109383
-0.548401901746 0.005923289100 -77.303167166575 -0.616069398188 0.000118644972 0.005923289100
-0.409139903588 0.007468290652 -81.898971427222 -0.487347660409 0.000128498151 0.007468290652
-0.277342999597 0.008800598512 -82.232829161582 -0.362413447693 0.000136701887 0.008800598512
-0.156775883139 0.009946572804 -80.137745896877 -0.246056111853 0.000143577230 0.009946572804
-0.048414112368 0.010933283746 -76.733998491460 -0.140008576092 0.000149381098 0.010933283746
0.048097378849 0.011785375365 -72.698120356763 -0.044464742817 0.000154316640 0.011785375365
0.133692912737 0.012524139049 -68.433659725706 0.041114693374 0.000158544062 0.012524139049
0.209505696910 0.013167512919 -64.176860968159 0.117579115013 0.000162189982 0.013167512919
0.276681263981 0.013730429237 -60.061564468081 0.185869862669 0.000165354946 0.013730429237
0.336291699120 0.014225255960 -56.159059531652 0.246911779882 0.000168119277 0.014225255960
0.436560912764 0.015049820278 -49.102734694208 0.350596540359 0.000172692154 0.015049820278
0.516682371961 0.015703882279 -43.053084904178 0.434457036626 0.000176293131 0.015703882279
0.581433533147 0.016230990971 -37.915611816460 0.502985591614 0.000179180771 0.016230990971
0.634354350818 0.016661898976 -33.560479891117 0.559575923077 0.000181533485 0.016661898976
0.678071347922 0.017018705654 -29.860958617028 0.606783560381 0.000183477330 0.017018705654
0.714547441881 0.017317568176 -26.705866732652 0.646541510680 0.000185103303 0.017317568176
0.745263980394 0.017570494227 -24.001913792811 0.680323585590 0.000186478370 0.017570494227
0.771350894739 0.017786544924 -21.672365686954 0.709264140443 0.000187652684 0.017786544924
0.793679450041 0.017972655068 -19.654625546531 0.734244964644 0.000188664397 0.017972655068
0.812928604568 0.018134201574 -17.897739566120 0.755958330125 0.000189542952 0.018134201574
0.844216991383 0.018399608656 -15.008004840567 0.791667831944 0.000190987838 0.018399608656
0.868322761423 0.018607246660 -12.753205800781 0.819609103580 0.000192120389 0.018607246660
0.887272170607 0.018773080763 -10.963484054183 0.841904960908 0.000193027019 0.018773080763
0.902428942264 0.018907884398 -9.521088728165 0.859999748892 0.000193765895 0.018907884398
0.914736539549 0.019019144220 -8.342730200022 0.874902937043 0.000194377382 0.019019144220
0.924863691121 0.019112197068 -7.368352511739 0.887336979931 0.000194890234 0.019112197068
0.933294653070 0.019190932999 -6.553872553287 0.897829891820 0.000195325410 0.019190932999
0.940386829134 0.019258243711 -5.866396508777 0.906774853044 0.000195698496 0.019258243711
0.946408516223 0.019316316531 -5.281008383523 0.914469569850 0.000196021288 0.019316316531
0.951564211526 0.019366831919 -4.778574238533 0.921142863086 0.000196302857 0.019366831919
0.956011939158 0.019411099075 -4.344214713291 0.926973002848 0.000196550277 0.019411099075
0.959875339862 0.019450150895 -3.966225100695 0.932100589333 0.000196769138 0.019450150895
0.963252253058 0.019484811654 -3.635300242990 0.936637756907 0.000196963904 0.019484811654
0.966220905239 0.019515746024 -3.343970361987 0.940674853431 0.000197138181 0.019515746024
0.968844436814 0.019543495106 -3.086185044987 0.944285356553 0.000197294909 0.019543495106
0.974208544780 0.019601663982 -2.558157608060 0.951815656210 0.000197624821 0.019601663982
0.978299252676 0.019647637285 -2.154604526875 0.957724295024 0.000197887086 0.019647637285
0.981489529950 0.019684752107 -1.839344057125 0.962461384532 0.000198099976 0.019684752107
0.984025272192 0.019715256081 -1.588422679047 0.966328899716 0.000198275845 0.019715256081
0.986073886953 0.019740712005 -1.385479239743 0.969535946736 0.000198423317 0.019740712005
0.987752525509 0.019762236457 -1.219034099464 0.972231301291 0.000198548578 0.019762236457
0.989145147177 0.019780646157 -1.080842366025 0.974523327730 0.000198656168 0.019780646157
0.990313190863 0.019796550862 -0.964859879063 0.976492591140 0.000198749491 0.019796550862
0.991302450008 0.019810414098 -0.866574848407 0.978200081293 0.000198831142 0.019810414098
0.992147619000 0.019822593909 -0.782564640335 0.979692715920 0.000198903134 0.019822593909
0.993506480728 0.019842967515 -0.647412362038 0.982172204188 0.000199024145 0.019842967515
0.994540964116 0.019859301470 -0.544454025544 0.984142658182 0.000199121752 0.019859301470
0.995346638255 0.019872664227 -0.464225643356 0.985741743495 0.000199202041 0.019872664227
0.995986310285 0.019883783077 -0.400500148905 0.987062489308 0.000199269178 0.019883783077
0.996502631413 0.019893168958 -0.349044814050 0.988169800285 0.000199326108 0.019893168958
0.996925387485 0.019901190593 -0.306901372288 0.989110208214 0.000199374963 0.019901190593
0.997275889099 0.019908120298 -0.271951933165 0.989917865043 0.000199417327 0.019908120298
0.997569708633 0.019914163283 -0.242648041464 0.990618354291 0.000199454398 0.019914163283
0.997818439044 0.019919476947 -0.217836407024 0.991231188261 0.000199487100 0.019919476947
0.998030854483 0.019924183916 -0.196643813263 0.991771487502 0.000199516155 0.019924183916
0.998372204547 0.019932145914 -0.162580491763 0.992679596986 0.000199565496 0.019932145914
0.998631923431 0.019938618002 -0.136657133322 0.993412005444 0.000199605798 0.019938618002
0.998834105856 0.019943978605 -0.116472886993 0.994014424574 0.000199639319 0.019943978605
0.998994571171 0.019948488874 -0.100450864074 0.994518140736 0.000199667628 0.019948488874
0.999124053542 0.019952334615 -0.087520733123 0.994945246352 0.000199691847 0.019952334615
0.999230044414 0.019955651504 -0.076935306994 0.995311761404 0.000199712797 0.019955651504
0.999317900727 0.019958540844 -0.068160173894 0.995629571004 0.000199731095 0.019958540844
0.999391535192 0.019961079758 -0.060804926120 0.995907669551 0.000199747214 0.019961079758
0.999453859514 0.019963327963 -0.054578988789 0.996152983489 0.000199761518 0.019963327963
0.999507076680 0.019965332403 -0.049262483139 0.996370929600 0.000199774297 0.019965332403
0.999552878316 0.019967130474 -0.044686548481 0.996565802583 0.000199785781 0.019967130474
0.999592580777 0.019968752327 -0.040719769804 0.996741049613 0.000199796158 0.019968752327
0.999627220790 0.019970222537 -0.037258638231 0.996899468424 0.000199805579 0.019970222537
0.999657623817 0.019971561328 -0.034220730830 0.997043352552 0.000199814170 0.019971561328
0.999684453687 0.019972785495 -0.031539758660 0.997174599440 0.000199822037 0.019972785495
0.999739195687 0.019975431381 -0.026069369318 0.997457207743 0.000199839075 0.019975431381
0.999780836505 0.019977610062 -0.021907900910 0.997688786072 0.000199853142 0.019977610062
0.999813246106 0.019979434934 -0.018668792328 0.997881946228 0.000199864952 0.019979434934
0.999838964306 0.019980985518 -0.016098320213 0.998045475240 0.000199875007 0.019980985518
0.999859713938 0.019982319205 -0.014024361641 0.998185679079 0.000199883670 0.019982319205
0.999876697051 0.019983478447 -0.012326814177 0.998307198324 0.000199891212 0.019983478447
0.999880313546 0.019983734444 -0.011965320283 0.998333989573 0.000199892879 0.019983734444
0.999902569361 0.019985394472 -0.009740638876 0.998507325617 0.000199903701 0.019985394472
0.999912553039 0.019986195217 -0.008742641120 0.998590690217 0.000199908929 0.019986195217
0.999921077266 0.019986912847 -0.007890516920 0.998665262495 0.000199913620 0.019986912847
0.999934771968 0.019988145603 -0.006521490572 0.998793051761 0.000199921688 0.019988145603
0.999945188500 0.019989166331 -0.005480143444 0.998898558198 0.000199928378 0.019989166331
0.999953295393 0.019990025360 -0.004669672006 0.998987133596 0.000199934016 0.019990025360
0.999959728221 0.019990758267 -0.004026548485 0.999062545088 0.000199938831 0.019990758267
0.999964918076 0.019991390911 -0.003507682128 0.999127520652 0.000199942992 0.019991390911
