0.951564211526 0.001936683192 -47.785742385328 0.921142863086 0.000001963029 0.001936683192
0.956011939158 0.001941109907 -43.442147132905 0.926973002848 0.000001965503 0.001941109907
0.959875339862 0.001945015089 -39.662251006948 0.932100589333 0.000001967691 0.001945015089
0.963252253058 0.001948481165 -36.353002429901 0.936637756907 0.000001969639 0.001948481165
0.966220905239 0.001951574602 -33.439703619875 0.940674853431 0.000001971382 0.001951574602
0.968844436814 0.001954349511 -30.861850449871 0.944285356553 0.000001972949 0.001954349511
0.974208544780 0.001960166398 -25.581576080597 0.951815656210 0.000001976248 0.001960166398
0.978299252676 0.001964763728 -21.546045268755 0.957724295024 0.000001978871 0.001964763728
0.981489529950 0.001968475211 -18.393440571251 0.962461384532 0.000001981000 0.001968475211
0.984025272192 0.001971525608 -15.884226790473 0.966328899716 0.000001982758 0.001971525608
0.986073886953 0.001974071201 -13.854792397434 0.969535946736 0.000001984233 0.001974071201
0.987752525509 0.001976223646 -12.190340994639 0.972231301291 0.000001985486 0.001976223646
0.989145147177 0.001978064616 -10.808423660254 0.974523327730 0.000001986562 0.001978064616
0.990313190863 0.001979655086 -9.648598790626 0.976492591140 0.000001987495 0.001979655086
0.991302450008 0.001981041410 -8.665748484072 0.978200081293 0.000001988311 0.001981041410
0.992147619000 0.001982259391 -7.825646403347 0.979692715920 0.000001989031 0.001982259391
0.993506480728 0.001984296751 -6.474123620383 0.982172204188 0.000001990241 0.001984296751
0.994540964116 0.001985930147 -5.444540255436 0.984142658182 0.000001991218 0.001985930147
0.995346638255 0.001987266423 -4.642256433559 0.985741743495 0.000001992020 0.001987266423
0.995986310285 0.001988378308 -4.005001489054 0.987062489308 0.000001992692 0.001988378308
0.996502631413 0.001989316896 -3.490448140497 0.988169800285 0.000001993261 0.001989316896
0.996925387485 0.001990119059 -3.069013722875 0.989110208214 0.000001993750 0.001990119059
0.997275889099 0.001990812030 -2.719519331652 0.989917865043 0.000001994173 0.001990812030
0.997569708633 0.001991416328 -2.426480414644 0.990618354291 0.000001994544 0.001991416328
0.997818439044 0.001991947695 -2.178364070236 0.991231188261 0.000001994871 0.001991947695
0.998030854483 0.001992418392 -1.966438132629 0.991771487502 0.000001995162 0.001992418392
0.998372204547 0.001993214591 -1.625804917631 0.992679596986 0.000001995655 0.001993214591
0.998631923431 0.001993861800 -1.366571333221 0.993412005444 0.000001996058 0.001993861800
0.998834105856 0.001994397861 -1.164728869925 0.994014424574 0.000001996393 0.001994397861
0.998994571171 0.001994848887 -1.004508640736 0.994518140736 0.000001996676 0.001994848887
0.999124053542 0.001995233461 -0.875207331230 0.994945246352 0.000001996918 0.001995233461
0.999230044414 0.001995565150 -0.769353069944 0.995311761404 0.000001997128 0.001995565150
0.999317900727 0.001995854084 -0.681601738940 0.995629571004 0.000001997311 0.001995854084
0.999391535192 0.001996107976 -0.608049261203 0.995907669551 0.000001997472 0.001996107976
0.999453859514 0.001996332796 -0.545789887892 0.996152983489 0.000001997615 0.001996332796
0.999507076680 0.001996533240 -0.492624831388 0.996370929600 0.000001997743 0.001996533240
0.999552878316 0.001996713047 -0.446865484810 0.996565802583 0.000001997858 0.001996713047
0.999592580777 0.001996875233 -0.407197698040 0.996741049613 0.000001997962 0.001996875233
0.999627220790 0.001997022254 -0.372586382309 0.996899468424 0.000001998056 0.001997022254
0.999657623817 0.001997156133 -0.342207308304 0.997043352552 0.000001998142 0.001997156133
0.999684453687 0.001997278550 -0.315397586604 0.997174599440 0.000001998220 0.001997278550
0.999739195687 0.001997543138 -0.260693693183 0.997457207743 0.000001998391 0.001997543138
0.999780836505 0.001997761006 -0.219079009097 0.997688786072 0.000001998531 0.001997761006
0.999813246106 0.001997943493 -0.186687923276 0.997881946228 0.000001998650 0.001997943493
0.999838964306 0.001998098552 -0.160983202127 0.998045475240 0.000001998750 0.001998098552
0.999859713938 0.001998231921 -0.140243616406 0.998185679079 0.000001998837 0.001998231921
0.999876697051 0.001998347845 -0.123268141768 0.998307198324 0.000001998912 0.001998347845
0.999890773007 0.001998449531 -0.109198097096 0.998413522568 0.000001998978 0.001998449531
0.999902569361 0.001998539447 -0.097406388757 0.998507325617 0.000001999037 0.001998539447
0.999912553039 0.001998619522 -0.087426411204 0.998590690217 0.000001999089 0.001998619522
0.999921077266 0.001998691285 -0.078905169201 0.998665262495 0.000001999136 0.001998691285
0.999934771968 0.001998814560 -0.065214905724 0.998793051761 0.000001999217 0.001998814560
0.999945188500 0.001998916633 -0.054801434444 0.998898558198 0.000001999284 0.001998916633
0.999953295393 0.001999002536 -0.046696720064 0.998987133596 0.000001999340 0.001999002536
0.999959728221 0.001999075827 -0.040265484851 0.999062545088 0.000001999388 0.001999075827
0.999964918076 0.001999139091 -0.035076821284 0.999127520652 0.000001999430 0.001999139091
0.999969165718 0.001999194254 -0.030830088135 0.999184083970 0.000001999466 0.001999194254
0.999972686151 0.001999242777 -0.027310360289 0.999233767748 0.000001999498 0.001999242777
0.999975636375 0.001999285790 -0.024360691153 0.999277753981 0.000001999527 0.001999285790
0.999978133201 0.001999324182 -0.021864308855 0.999316968763 0.000001999552 0.001999324182
0.999980264990 0.001999358658 -0.019732879008 0.999352147943 0.000001999575 0.001999358658
0.999983689754 0.001999418038 -0.016308648813 0.999412657298 0.000001999614 0.001999418038
0.999986294640 0.001999467356 -0.013704133209 0.999462835310 0.000001999646 0.001999467356
0.999988321899 0.001999508971 -0.011677137599 0.999505118615 0.000001999674 0.001999508971
0.999989930498 0.001999544556 -0.010068731504 0.999541233749 0.000001999697 0.001999544556
0.999991228256 0.001999575332 -0.008771118888 0.999572438178 0.000001999718 0.001999575332
0.999992290391 0.001999602213 -0.007709094844 0.999599669414 0.000001999736 0.001999602213
0.999993170673 0.001999625894 -0.006828898450 0.999623640672 0.000001999751 0.001999625894
0.999993908367 0.001999646914 -0.006091272834 0.999644904141 0.000001999765 0.001999646914
0.999994532683 0.001999665698 -0.005467010906 0.999663893995 0.000001999778 0.001999665698
0.999995065719 0.001999682584 -0.004934019009 0.999680956313 0.000001999789 0.001999682584
0.999995524439 0.001999697847 -0.004475334846 0.999696370340 0.000001999799 0.001999697847
0.999995922042 0.001999711709 -0.004077761051 0.999710363878 0.000001999808 0.001999711709
0.999996268923 0.001999724356 -0.003730905161 0.999723124603 0.000001999817 0.001999724356
0.999996573355 0.001999735939 -0.003426493511 0.999734808533 0.000001999824 0.001999735939
0.999996841993 0.001999746588 -0.003157873237 0.999745546425 0.000001999831 0.001999746588
0.999997390057 0.001999769798 -0.002609842883 0.999768936889 0.000001999847 0.001999769798
0.999997806908 0.001999789113 -0.002193014159 0.999788389482 0.000001999860 0.001999789113
0.999998131320 0.001999805438 -0.001868619034 0.999804821349 0.000001999870 0.001999805438
0.999998388733 0.001999819417 -0.001611218491 0.999818885362 0.000001999880 0.001999819417
0.999998596402 0.001999831522 -0.001403558826 0.999831058908 0.000001999888 0.001999831522
0.999998766364 0.001999842106 -0.001233603153 0.999841699133 0.000001999895 0.001999842106
0.999998802556 0.001999844451 -0.001197412798 0.999844056333 0.000001999896 0.001999844451
0.999999025270 0.001999859730 -0.000974707378 0.999859408722 0.000001999907 0.001999859730
0.999999125171 0.001999867145 -0.000874809865 0.999866856372 0.000001999912 0.001999867145
0.999999210465 0.001999873815 -0.000789518536 0.999873554687 0.000001999916 0.001999873815
0.999999347489 0.001999885330 -0.000652498415 0.999885114306 0.000001999924 0.001999885330
0.999999451708 0.001999894918 -0.000548282547 0.999894737455 0.000001999930 0.001999894918
0.999999532815 0.001999903027 -0.000467177555 0.999902873112 0.000001999935 0.001999903027
0.999999597171 0.001999909974 -0.000402822863 0.999909841421 0.000001999940 0.001999909974
0.999999649091 0.001999915993 -0.000350904528 0.999915876805 0.000001999944 0.001999915993
