 0.70726  0.00450 -110.98488  0.70585  0.00001  0.00450
 0.73318  0.00454 -101.67753  0.73182  0.00001  0.00454
 0.75586  0.00458 -93.44716  0.75456  0.00001  0.00458
 0.77581  0.00462 -86.14208  0.77455  0.00001  0.00462
 0.79344  0.00465 -79.63455  0.79223  0.00001  0.00465
 0.80910  0.00467 -73.81688  0.80792  0.00001  0.00467
 0.84131  0.00473 -61.72740  0.84023  0.00001  0.00473
 0.86607  0.00477 -52.33247  0.86507  0.00001  0.00477
 0.88549  0.00481 -44.90048  0.88456  0.00001  0.00481
 0.90100  0.00483 -38.92784  0.90013  0.00001  0.00483
 0.91357  0.00485 -34.06042  0.91276  0.00001  0.00485
 0.92390  0.00487 -30.04409  0.92313  0.00001  0.00487
 0.93249  0.00489 -26.69305  0.93177  0.00001  0.00489
 0.93971  0.00490 -23.86918  0.93902  0.00001  0.00490
 0.94583  0.00491 -21.46813  0.94518  0.00001  0.00491
 0.95107  0.00492 -19.41001  0.95045  0.00001  0.00492
 0.95950  0.00493 -16.08793  0.95894  0.00001  0.00493
 0.96593  0.00494 -13.54819  0.96541  0.00001  0.00494
 0.97095  0.00495 -11.56386  0.97047  0.00001  0.00495
 0.97493  0.00496 -9.98448  0.97449  0.00001  0.00496
 0.97815  0.00496 -8.70716  0.97773  0.00001  0.00496
 0.98079  0.00497 -7.65967  0.98040  0.00001  0.00497
 0.98298  0.00497 -6.79011  0.98261  0.00001  0.00497
 0.98481  0.00497 -6.06041  0.98446  0.00001  0.00497
 0.98636  0.00498 -5.44214  0.98603  0.00001  0.00498
 0.98769  0.00498 -4.91376  0.98738  0.00001  0.00498
 0.98982  0.00498 -4.06392  0.98954  0.00001  0.00498
 0.99145  0.00499 -3.41672  0.99118  0.00001  0.00499
 0.99271  0.00499 -2.91255  0.99247  0.00001  0.00499
 0.99371  0.00499 -2.51220  0.99349  0.00001  0.00499
 0.99452  0.00499 -2.18901  0.99431  0.00001  0.00499
 0.99519  0.00499 -1.92437  0.99499  0.00001  0.00499
 0.99573  0.00499 -1.70496  0.99555  0.00001  0.00499
 0.99619  0.00499 -1.52102  0.99602  0.00001  0.00499
 0.99658  0.00499 -1.36531  0.99642  0.00001  0.00499
 0.99692  0.00499 -1.23234  0.99676  0.00001  0.00499
 0.99720  0.00499 -1.11788  0.99705  0.00001  0.00499
 0.99745  0.00500 -1.01865  0.99731  0.00001  0.00500
 0.99767  0.00500 -0.93207  0.99753  0.00001  0.00500
 0.99786  0.00500 -0.85607  0.99773  0.00001  0.00500
 0.99803  0.00500 -0.78900  0.99790  0.00001  0.00500
 0.99837  0.00500 -0.65214  0.99825  0.00001  0.00500
 0.99863  0.00500 -0.54803  0.99852  0.00001  0.00500
 0.99883  0.00500 -0.46700  0.99874  0.00001  0.00500
 0.99899  0.00500 -0.40269  0.99890  0.00001  0.00500
 0.99912  0.00500 -0.35080  0.99904  0.00001  0.00500
 0.99923  0.00500 -0.30833  0.99915  0.00001  0.00500
 0.99932  0.00500 -0.27313  0.99924  0.00001  0.00500
 0.99939  0.00500 -0.24364  0.99932  0.00001  0.00500
 0.99945  0.00500 -0.21867  0.99939  0.00001  0.00500
 0.99951  0.00500 -0.19735  0.99944  0.00001  0.00500
 0.99959  0.00500 -0.16311  0.99954  0.00001  0.00500
 0.99966  0.00500 -0.13706  0.99960  0.00001  0.00500
 0.99971  0.00500 -0.11679  0.99966  0.00001  0.00500
 0.99975  0.00500 -0.10070  0.99970  0.00001  0.00500
 0.99978  0.00500 -0.08772  0.99974  0.00001  0.00500
 0.99981  0.00500 -0.07710  0.99977  0.00001  0.00500
 0.99983  0.00500 -0.06830  0.99979  0.00001  0.00500
 0.99985  0.00500 -0.06092  0.99981  0.00001  0.00500
 0.99986  0.00500 -0.05468  0.99983  0.00001  0.00500
 0.99988  0.00500 -0.04935  0.99985  0.00001  0.00500
 0.99990  0.00500 -0.04078  0.99987  0.00001  0.00500
 0.99991  0.00500 -0.03427  0.99989  0.00001  0.00500
 0.99993  0.00500 -0.02920  0.99990  0.00001  0.00500
 0.99994  0.00500 -0.02518  0.99991  0.00001  0.00500
 0.99995  0.00500 -0.02193  0.99992  0.00001  0.00500
 0.99995  0.00500 -0.01928  0.99993  0.00001  0.00500
 0.99996  0.00500 -0.01708  0.99994  0.00001  0.00500
 0.99996  0.00500 -0.01523  0.99994  0.00001  0.00500
 0.99997  0.00500 -0.01367  0.99995  0.00001  0.00500
 0.99997  0.00500 -0.01234  0.99995  0.00001  0.00500
 0.99997  0.00500 -0.01119  0.99996  0.00001  0.00500
 0.99997  0.00500 -0.01020  0.99996  0.00001  0.00500
 0.99998  0.00500 -0.00933  0.99996  0.00001  0.00500
 0.99998  0.00500 -0.00857  0.99997  0.00001  0.00500
 0.99998  0.00500 -0.00790  0.99997  0.00001  0.00500
 0.99998  0.00500 -0.00653  0.99997  0.00001  0.00500
 0.99999  0.00500 -0.00548  0.99998  0.00001  0.00500
 0.99999  0.00500 -0.00467  0.99998  0.00001  0.00500
 0.99999  0.00500 -0.00403  0.99998  0.00001  0.00500
 0.99999  0.00500 -0.00351  0.99998  0.00001  0.00500
 0.99999  0.00500 -0.00308  0.99998  0.00001  0.00500
 0.99999  0.00500 -0.00273  0.99999  0.00001  0.00500
 0.99999  0.00500 -0.00244  0.99999  0.00001  0.00500
 0.99999  0.00500 -0.00219  0.99999  0.00001  0.00500
 1.00000  0.00500 -0.00197  0.99999  0.00001  0.00500
 1.00000  0.00500 -0.00163  0.99999  0.00001  0.00500
 1.00000  0.00500 -0.00137  0.99999  0.00001  0.00500
 1.00000  0.00500 -0.00117  0.99999  0.00001  0.00500
 1.00000  0.00500 -0.00101  0.99999  0.00001  0.00500
 1.00000  0.00500 -0.00088  0.99999  0.00001  0.00500
