-0.525506349134 0.000219870530 -5.425087888215 -0.539321222000 0.000061826444 0.000219870530
-0.514213440550 0.000781947081 -17.500018932899 -0.561005044442 0.000067659057 0.000781947081
-0.493078648655 0.001358878883 -27.709911172268 -0.570697628964 0.000073219760 0.001358878883
-0.464577910198 0.001940075154 -36.196170665819 -0.570576620676 0.000078499774 0.001940075154
-0.430731309205 0.002517651373 -43.139276158576 -0.562555226812 0.000083498912 0.002517651373
-0.393158384002 0.003085862702 -48.729990565845 -0.548270761510 0.000088222785 0.003085862702
-0.290652844839 0.004441734629 -57.967819694877 -0.493621875823 0.000098895171 0.004441734629
-0.185482661689 0.005682630558 -62.317017292986 -0.423516133871 0.000108103056 0.005682630558
-0.084427178983 0.006800673349 -63.545520107490 -0.347380353531 0.000116055939 0.006800673349
0.009428494063 0.007800503953 -62.847255628515 -0.270640144942 0.000122948200 0.007800503953
0.094989690711 0.008692022276 -61.003961817687 -0.196282771433 0.000128948507 0.008692022276
0.172194303889 0.009486764455 -58.519132635745 -0.125841191292 0.000134198805 0.009486764455
0.241484998502 0.010196171116 -55.713315055697 -0.059994684061 0.000138816883 0.010196171116
0.303523008133 0.010830824186 -52.788123481971 0.001069339739 0.000142899943 0.010830824186
0.359036169514 0.011400171029 -49.868223007026 0.057438750112 0.000146528127 0.011400171029
0.408741104794 0.011912486214 -47.028610544335 0.109347671399 0.000149767628 0.011912486214
0.493335924814 0.012793722813 -41.741812555834 0.201025629531 0.000155290807 0.012793722813
0.561877644672 0.013520794363 -37.068025430057 0.278698789735 0.000159807872 0.013520794363
0.617929703350 0.014127963523 -33.002937507277 0.344795510027 0.000163557417 0.014127963523
0.664209875726 0.014640720909 -29.489412962525 0.401380268581 0.000166710999 0.014640720909
0.702781305658 0.015078212928 -26.456177186332 0.450143423187 0.000169394343 0.015078212928
0.735215103947 0.015454987229 -23.833532808645 0.492448732245 0.000171701242 0.015454987229
0.762715827524 0.015782231068 -21.559083350568 0.529391869027 0.000173702823 0.015782231068
0.786214813170 0.016068650251 -19.579163115719 0.561854130584 0.000175453842 0.016068650251
0.806438701151 0.016321097112 -17.848506580288 0.590547169423 0.000176997036 0.016321097112
0.823959638309 0.016545023458 -16.329283633611 0.616048741714 0.000178366178 0.016545023458
0.852620603490 0.016924013770 -13.804406676691 0.659281122294 0.000180685124 0.016924013770
0.874867715611 0.017231794996 -11.810486092418 0.694416780386 0.000182571137 0.017231794996
0.892466552344 0.017486137566 -10.211908892313 0.723437871368 0.000184132534 0.017486137566
0.906619027567 0.017699473555 -8.912591943871 0.747748924441 0.000185444825 0.017699473555
0.918164697875 0.017880729988 -7.843365839199 0.768367444621 0.000186562118 0.017880729988
0.927703560500 0.018036464738 -6.953623896840 0.786045497705 0.000187524117 0.018036464738
0.935673207323 0.018171592767 -6.205758890993 0.801349107696 0.000188360570 0.018171592767
0.942398621251 0.018289863587 -5.571411054109 0.814711285518 0.000189094172 0.018289863587
0.948125107197 0.018394183092 -5.028900565109 0.826468200943 0.000189742522 0.018394183092
0.953040554685 0.018486835382 -4.561443796244 0.836884342236 0.000190319463 0.018486835382
0.957290791677 0.018569638749 -4.155895426923 0.846170333249 0.000190836026 0.018569638749
0.960990367456 0.018644057376 -3.801848568873 0.854495760755 0.000191301104 0.018644057376
0.964230251584 0.018711282640 -3.490982183319 0.861998550571 0.000191721939 0.018711282640
0.967083414635 0.018772293190 -3.216581727175 0.868791917342 0.000192104490 0.018772293190
0.969608929942 0.018827899938 -2.973182785521 0.874969582536 0.000192453699 0.018827899938
0.974785178475 0.018947460738 -2.472779396830 0.888203064356 0.000193206414 0.018947460738
0.978744827732 0.019045219176 -2.088541988875 0.898968400199 0.000193823929 0.019045219176
0.981840915375 0.019126583742 -1.787188781838 0.907886533869 0.000194339432 0.019126583742
0.984307238484 0.019195323174 -1.546532621049 0.915388511322 0.000194776124 0.019195323174
0.986303572117 0.019254140782 -1.351329796299 0.921782327068 0.000195150696 0.019254140782
0.987942090904 0.019305024204 -1.190830949027 0.927293568688 0.000195475460 0.019305024204
0.989303415141 0.019349466411 -1.057282097415 0.932091046645 0.000195759684 0.019349466411
0.990446686783 0.019388609895 -0.944977331124 0.936303473974 0.000196010483 0.019388609895
0.991416083968 0.019423343380 -0.849643059533 0.940030624709 0.000196233403 0.019423343380
0.992245142694 0.019454368290 -0.768027675593 0.943350982293 0.000196432830 0.019454368290
0.993579876010 0.019507428458 -0.636464799217 0.949009407694 0.000196774605 0.019507428458
0.994597575974 0.019551130485 -0.536005342992 0.953649784041 0.000197056799 0.019551130485
0.995391216911 0.019587740929 -0.457569832137 0.957522476602 0.000197293709 0.019587740929
0.996022037747 0.019618851041 -0.395163874654 0.960802358717 0.000197495404 0.019618851041
0.996531703837 0.019645610296 -0.344701158832 0.963615167846 0.000197669178 0.019645610296
0.996949360091 0.019668869451 -0.303318688280 0.966053572205 0.000197820446 0.019668869451
0.997295888132 0.019689271484 -0.268962381303 0.968187337239 0.000197953306 0.019689271484
0.997586565860 0.019707311269 -0.240127612384 0.970069968392 0.000198070923 0.019707311269
0.997832779516 0.019723375829 -0.215691874672 0.971743174206 0.000198175774 0.019723375829
0.998043155240 0.019737772159 -0.194804002973 0.973239939234 0.000198269827 0.019737772159
0.998381453505 0.019762500288 -0.161196743649 0.975804825970 0.000198431586 0.019762500288
0.998639052085 0.019782972846 -0.135590358244 0.977922371365 0.000198565709 0.019782972846
0.998839715781 0.019800200155 -0.115633220471 0.979699973212 0.000198678716 0.019800200155
0.998999064870 0.019814896454 -0.099778157778 0.981213255404 0.000198775227 0.019814896454
0.999127708545 0.019827580876 -0.086973501991 0.982516993233 0.000198858606 0.019827580876
0.999233057092 0.019838639772 -0.076484190003 0.983651825850 0.000198931362 0.019838639772
0.999320413184 0.019848366581 -0.067783919088 0.984648534917 0.000198995402 0.019848366581
0.999393652312 0.019856988165 -0.060487844996 0.985530859392 0.000199052204 0.019856988165
0.999455660073 0.019864682665 -0.054309296249 0.986317398783 0.000199102928 0.019864682665
0.999508620770 0.019871591910 -0.049031187742 0.987022931338 0.000199148501 0.019871591910
0.999554212420 0.019877830214 -0.044486694005 0.987659346636 0.000199189668 0.019877830214
0.999593741308 0.019883490740 -0.040545906552 0.988236317956 0.000199227040 0.019883490740
0.999628236598 0.019888650172 -0.037106447876 0.988761795334 0.000199261117 0.019888650172
0.999658517998 0.019893372203 -0.034086755876 0.989242372670 0.000199292317 0.019893372203
0.999685244910 0.019897710175 -0.031421204466 0.989683564892 0.000199320989 0.019897710175
0.999739790321 0.019907153873 -0.025980262279 0.990643038559 0.000199383442 0.019907153873
0.999781294637 0.019915001631 -0.021839243082 0.991439318261 0.000199435376 0.019915001631
0.999813606513 0.019921626405 -0.018614776013 0.992110759109 0.000199479242 0.019921626405
0.999839252920 0.019927293362 -0.016055061409 0.992684574243 0.000199516784 0.019927293362
0.999859948628 0.019932196190 -0.013989183377 0.993180605575 0.000199549277 0.019932196190
0.999876890456 0.019936479657 -0.012297822960 0.993613660653 0.000199577676 0.019936479657
0.999880498507 0.019937428372 -0.011937594385 0.993709535108 0.000199583967 0.019937428372
0.999902705225 0.019943605263 -0.009720271322 0.994333400000 0.000199624940 0.019943605263
0.999912668572 0.019946600462 -0.008725321029 0.994635692279 0.000199644816 0.019946600462
0.999921176329 0.019949293579 -0.007875665428 0.994907371997 0.000199662691 0.019949293579
0.999934846406 0.019953939603 -0.006510330252 0.995375780947 0.000199693537 0.019953939603
0.999945245843 0.019957805749 -0.005471545763 0.995765292782 0.000199719215 0.019957805749
0.999953340500 0.019961073167 -0.004662908771 0.996094290603 0.000199740922 0.019961073167
0.999959764339 0.019963870937 -0.004021132826 0.996375858609 0.000199759514 0.019963870937
0.999964947443 0.019966293525 -0.003503278550 0.996619562854 0.000199775617 0.019966293525
