0.561235305787 0.005190737096 -128.076304212524 0.528620942733 0.000017782463 0.005190737096
0.598761444382 0.005279027019 -118.144916769559 0.567171820573 0.000017928399 0.005279027019
0.631802795834 0.005356518706 -109.228761566025 0.601206432532 0.000018056189 0.005356518706
0.661024256345 0.005424892012 -101.212737377767 0.631384602623 0.000018168729 0.005424892012
0.686976598299 0.005485516566 -93.992844511320 0.658254500726 0.000018268359 0.005485516566
0.710118022628 0.005539516959 -87.476545534807 0.682273373375 0.000018356991 0.005539516959
0.758038345512 0.005651260776 -73.753002614800 0.732214404657 0.000018540105 0.005651260776
0.795131941934 0.005737812868 -62.922159036193 0.771097447596 0.000018681727 0.005737812868
0.824392486320 0.005806234334 -54.253477811287 0.801942242469 0.000018793604 0.005806234334
0.847858248377 0.005861280761 -47.223283590506 0.826813955142 0.000018883598 0.005861280761
0.866951552617 0.005906246449 -41.452313562951 0.847159530799 0.000018957131 0.005906246449
0.882687193903 0.005943470418 -36.662313624192 0.864015230900 0.000019018036 0.005943470418
0.895803807106 0.005974649903 -32.646328570775 0.878138003582 0.000019069090 0.005974649903
0.906848762312 0.006001040388 -29.248343024202 0.890090696182 0.000019112342 0.006001040388
0.916234310247 0.006023586656 -26.349215452854 0.900298600280 0.000019149333 0.006023586656
0.924275512054 0.006043010694 -23.856849978317 0.909087769652 0.000019181237 0.006043010694
0.937248137112 0.006074609290 -19.819501018753 0.923368902263 0.000019233231 0.006074609290
0.947160521150 0.006099036704 -16.720855414687 0.934386728548 0.000019273531 0.006099036704
0.954902409510 0.006118342285 -14.292453951304 0.943073893095 0.000019305467 0.006118342285
0.961062890057 0.006133888399 -12.354908557941 0.950051359354 0.000019331255 0.006133888399
0.966044321011 0.006146609944 -10.784819298280 0.955745577201 0.000019352416 0.006146609944
0.970128987021 0.006157166201 -9.495124161134 0.960457332970 0.000019370025 0.006157166201
0.973519603600 0.006166033199 -8.423018463940 0.964403761435 0.000019384856 0.006166033199
0.976364754400 0.006173561838 -7.522297911958 0.967744835949 0.000019397484 0.006173561838
0.978775334325 0.006180015538 -6.758372139306 0.970600558992 0.000019408337 0.006180015538
0.980835453501 0.006185595288 -6.104937848186 0.973062405214 0.000019417745 0.006185595288
0.984148932109 0.006194721752 -5.052847361195 0.977072098528 0.000019433192 0.006194721752
0.986672411203 0.006201831187 -4.250668082096 0.980177868770 0.000019445286 0.006201831187
0.988638295665 0.006207493829 -3.625178012904 0.982637859661 0.000019454965 0.006207493829
0.990199454851 0.006212089438 -3.128105370166 0.984623496411 0.000019462856 0.006212089438
0.991459769121 0.006215879282 -2.726589756233 0.986252366272 0.000019469392 0.006215879282
0.992491821759 0.006219048172 -2.397638484875 0.987607392746 0.000019474880 0.006219048172
0.993347564311 0.006221730013 -2.124775568039 0.988748472240 0.000019479544 0.006221730013
0.994064971793 0.006224023873 -1.895946092990 0.989719783420 0.000019483548 0.006224023873
0.994672322294 0.006226004417 -1.702166221426 0.990554518139 0.000019487019 0.006226004417
0.995191022655 0.006227728839 -1.536630498903 0.991278025221 0.000019490051 0.006227728839
0.995637518390 0.006229241598 -1.394107716457 0.991909948934 0.000019492720 0.006229241598
0.996024611887 0.006230577711 -1.270523495854 0.992465714220 0.000019495086 0.006230577711
0.996362389466 0.006231765083 -1.162666466703 0.992957577743 0.000019497195 0.006231765083
0.996658884487 0.006232826194 -1.067977931234 0.993395384323 0.000019499085 0.006232826194
0.996920559028 0.006233779334 -0.984398975220 0.993787119771 0.000019500788 0.006233779334
0.997454538255 0.006235782089 -0.813814245996 0.994605041934 0.000019504383 0.006235782089
0.997860790325 0.006237370525 -0.684004217659 0.995248086669 0.000019507253 0.006237370525
0.998177022904 0.006238657373 -0.582940404875 0.995764798883 0.000019509592 0.006238657373
0.998427991036 0.006239718621 -0.502722892797 0.996187687701 0.000019511532 0.006239718621
0.998630490975 0.006240607174 -0.437989859740 0.996539243439 0.000019513164 0.006240607174
0.998796244159 0.006241360885 -0.384998517897 0.996835462808 0.000019514555 0.006241360885
0.998933631761 0.006242007495 -0.341072081072 0.997087999301 0.000019515753 0.006242007495
0.999048775045 0.006242567750 -0.304255180928 0.997305521269 0.000019516796 0.006242567750
0.999146229000 0.006243057453 -0.273092553185 0.997494595869 0.000019517711 0.006243057453
0.999229439748 0.006243488835 -0.246483059519 0.997660279855 0.000019518519 0.006243488835
0.999363128837 0.006244213078 -0.203728637616 0.997936454369 0.000019519883 0.006244213078
0.999464821014 0.006244796416 -0.171204639422 0.998156913911 0.000019520989 0.006244796416
0.999543968180 0.006245275664 -0.145889704562 0.998336576664 0.000019521901 0.006245275664
0.999606773461 0.006245675979 -0.125800716590 0.998485552331 0.000019522667 0.006245675979
0.999657444559 0.006246015101 -0.109592352227 0.998610914684 0.000019523319 0.006246015101
0.999698917232 0.006246305876 -0.096325887451 0.998717749800 0.000019523880 0.006246305876
0.999733290264 0.006246557826 -0.085330179397 0.998809801314 0.000019524368 0.006246557826
0.999762096288 0.006246778148 -0.076115097652 0.998889881517 0.000019524795 0.006246778148
0.999786475634 0.006246972378 -0.068315951327 0.998960141212 0.000019525174 0.006246972378
0.999807290936 0.006247144843 -0.061656848240 0.999022251562 0.000019525510 0.006247144843
0.999840731633 0.006247437513 -0.050958460144 0.999127026040 0.000019526084 0.006247437513
0.999866167109 0.006247676348 -0.042820898597 0.999211911972 0.000019526554 0.006247676348
0.999885962584 0.006247874848 -0.036487605383 0.999282015577 0.000019526946 0.006247874848
0.999901670148 0.006248042371 -0.031462095144 0.999340847176 0.000019527278 0.006248042371
0.999914342525 0.006248185601 -0.027407608936 0.999390895752 0.000019527563 0.006248185601
0.999924714158 0.006248309437 -0.024089196217 0.999433973083 0.000019527810 0.006248309437
0.999933310074 0.006248417548 -0.021338895964 0.999471428129 0.000019528025 0.006248417548
0.999940513652 0.006248512738 -0.019034058279 0.999504285170 0.000019528216 0.006248512738
0.999946610128 0.006248597183 -0.017083429988 0.999533335454 0.000019528385 0.006248597183
0.999951815267 0.006248672597 -0.015417981642 0.999559199588 0.000019528537 0.006248672597
0.999956294722 0.006248740351 -0.013984715481 0.999582370973 0.000019528673 0.006248740351
0.999960177377 0.006248801551 -0.012742396548 0.999603246667 0.000019528796 0.006248801551
0.999963564726 0.006248857102 -0.011658553413 0.999622149707 0.000019528908 0.006248857102
0.999966537568 0.006248907748 -0.010707334620 0.999639345523 0.000019529011 0.006248907748
0.999969160874 0.006248954110 -0.009867952798 0.999655054181 0.000019529104 0.006248954110
0.999974512854 0.006249054491 -0.008155463895 0.999688956728 0.000019529308 0.006249054491
0.999978583533 0.006249137333 -0.006852945924 0.999716820281 0.000019529476 0.006249137333
0.999981751517 0.006249206854 -0.005839261488 0.999740121212 0.000019529617 0.006249206854
0.999984265242 0.006249266025 -0.005034921099 0.999759892119 0.000019529738 0.006249266025
0.999986293204 0.006249316992 -0.004386011484 0.999776876582 0.000019529842 0.006249316992
0.999987952956 0.006249361351 -0.003854920268 0.999791623479 0.000019529933 0.006249361351
0.999988306383 0.006249371154 -0.003741829518 0.999794878023 0.000019529953 0.006249371154
0.999990481275 0.006249434786 -0.003045898720 0.999815964133 0.000019530083 0.006249434786
0.999991456850 0.006249465521 -0.002733728639 0.999826124009 0.000019530146 0.006249465521
0.999992289785 0.006249493089 -0.002467200980 0.999835222893 0.000019530202 0.006249493089
0.999993627890 0.006249540497 -0.002039024542 0.999850838723 0.000019530300 0.006249540497
0.999994645635 0.006249579802 -0.001713357787 0.999863754742 0.000019530380 0.006249579802
0.999995437685 0.006249612915 -0.001459910228 0.999874614682 0.000019530449 0.006249612915
0.999996066156 0.006249641194 -0.001258805841 0.999883872859 0.000019530507 0.006249641194
0.999996573176 0.006249665623 -0.001096564042 0.999891859023 0.000019530557 0.006249665623
