0.607577428480 0.004379623079 -108.062868039915 0.332397594668 0.000015904288 0.004379623079
0.639361783229 0.004488735075 -100.458139350122 0.370756504446 0.000016114268 0.004488735075
0.667555707380 0.004586959968 -93.536116304229 0.405549166673 0.000016302886 0.004586959968
0.692659847827 0.004675746934 -87.235864880609 0.437193896191 0.000016473096 0.004675746934
0.715094843276 0.004756312617 -81.498131842094 0.466054896996 0.000016627350 0.004756312617
0.735215103947 0.004829683509 -76.267304987665 0.492448732245 0.000016767699 0.004829683509
0.777244993880 0.004987033567 -65.084361580384 0.549358040883 0.000017068412 0.004987033567
0.810143082709 0.005115003175 -56.092286502492 0.595886330720 0.000017312875 0.005115003175
0.836338941644 0.005220813604 -48.783304069536 0.634472238085 0.000017515088 0.005220813604
0.857516321121 0.005309562923 -42.778192318639 0.666882219728 0.000017684853 0.005309562923
0.874867715611 0.005384935936 -37.793555495737 0.694416780386 0.000017829213 0.005384935936
0.889254752688 0.005449652466 -33.616196229811 0.718048871154 0.000017953343 0.005449652466
0.901311450332 0.005505758040 -30.084237388173 0.738517577290 0.000018061128 0.005505758040
0.911512136702 0.005554817071 -27.073504697575 0.756392381122 0.000018155532 0.005554817071
0.920217052022 0.005598044168 -24.487747972108 0.772117898894 0.000018238854 0.005598044168
0.927703560500 0.005636395231 -22.251596469890 0.786045497705 0.000018312902 0.005636395231
0.939840577517 0.005701367563 -18.601733022173 0.809576036053 0.000018438657 0.005701367563
0.949167886994 0.005754244641 -15.775588397601 0.828651269058 0.000018541331 0.005754244641
0.956488081739 0.005798059793 -13.544273716658 0.844394899884 0.000018626669 0.005798059793
0.962337044426 0.005834922393 -11.752729741587 0.857588762567 0.000018698671 0.005834922393
0.967083414635 0.005866341622 -10.293061526960 0.868791917342 0.000018760204 0.005866341622
0.970987409651 0.005893423954 -9.088400467156 0.878413722666 0.000018813376 0.005893423954
0.974236893749 0.005916997999 -8.082827611901 0.886760199884 0.000018859767 0.005916997999
0.976970207977 0.005937695910 -7.234902430558 0.894064333085 0.000018900587 0.005937695910
0.979291028560 0.005956007920 -6.513400773738 0.900506393920 0.000018936774 0.005956007920
0.981278279166 0.005972319780 -5.894443358633 0.906227895382 0.000018969069 0.005972319780
0.984482504549 0.006000113605 -4.894111375200 0.915937367017 0.000019024237 0.006000113605
0.986929895095 0.006022901873 -4.128031863154 0.923858214174 0.000019069610 0.006022901873
0.988841172431 0.006041915952 -3.528480489387 0.930437360836 0.000019107573 0.006041915952
0.990362131930 0.006058015982 -3.050521489527 0.935985507635 0.000019139796 0.006058015982
0.991592200355 0.006071820413 -2.663398465334 0.940725036613 0.000019167485 0.006071820413
0.992601062013 0.006083785014 -2.345490287089 0.944819126248 0.000019191530 0.006083785014
0.993438726207 0.006094252878 -2.081241004196 0.948390114279 0.000019212605 0.006094252878
0.994141833492 0.006103487101 -1.859228492436 0.951531455185 0.000019231226 0.006103487101
0.994737724508 0.006111692747 -1.670913840316 0.954315726539 0.000019247797 0.006111692747
0.995247134438 0.006119031963 -1.509810619861 0.956800122713 0.000019262639 0.006119031963
0.995686019015 0.006125634620 -1.370920417369 0.959030307165 0.000019276007 0.006125634620
0.996066817770 0.006131605942 -1.250341425485 0.961043166529 0.000019288110 0.006131605942
0.996399344321 0.006137032076 -1.144992037494 0.962868814089 0.000019299121 0.006137032076
0.996691424396 0.006141984215 -1.052412403385 0.964532070251 0.000019309179 0.006141984215
0.996949360091 0.006146521703 -0.970619802496 0.966053572205 0.000019318403 0.006146521703
0.997476196174 0.006156360003 -0.803449094587 0.969344159290 0.000019338431 0.006156360003
0.997877484681 0.006164493718 -0.676012381388 0.972055713780 0.000019355019 0.006164493718
0.998190161550 0.006171329832 -0.576649316627 0.974328248366 0.000019368982 0.006171329832
0.998438516080 0.006177155485 -0.497682293567 0.976260108889 0.000019380896 0.006177155485
0.998639052085 0.006182179014 -0.433889146379 0.977922371365 0.000019391183 0.006182179014
0.998803301063 0.006186555226 -0.381617829313 0.979367664613 0.000019400152 0.006186555226
0.998939517175 0.006190401537 -0.338252258837 0.980635780713 0.000019408043 0.006190401537
0.999053734553 0.006193808608 -0.301878719496 0.981757358001 0.000019415039 0.006193808608
0.999150447065 0.006196847552 -0.271071175078 0.982756366436 0.000019421283 0.006196847552
0.999233057092 0.006199574929 -0.244749408008 0.983651825850 0.000019426891 0.006199574929
0.999365847739 0.006204268697 -0.202425380624 0.985190367768 0.000019436550 0.006204268697
0.999466915987 0.006208163540 -0.170200328312 0.986464568675 0.000019444573 0.006208163540
0.999545616416 0.006211447342 -0.145099474605 0.987537101132 0.000019451343 0.006211447342
0.999608093460 0.006214253380 -0.125167801048 0.988452291879 0.000019457133 0.006214253380
0.999658517998 0.006216678813 -0.109077618803 0.989242372670 0.000019462140 0.006216678813
0.999699801886 0.006218796135 -0.095901652654 0.989931339760 0.000019466514 0.006218796135
0.999734027927 0.006220660532 -0.084976413231 0.990537424903 0.000019470367 0.006220660532
0.999762717802 0.006222314758 -0.075817018667 0.991074727432 0.000019473788 0.006222314758
0.999787004158 0.006223792448 -0.068062459094 0.991554321787 0.000019476844 0.006223792448
0.999807744133 0.006225120422 -0.061439475919 0.991985027098 0.000019479592 0.006225120422
0.999841072195 0.006227409852 -0.050795100562 0.992726895817 0.000019484331 0.006227409852
0.999866429473 0.006229313501 -0.042695041626 0.993343107629 0.000019488274 0.006229313501
0.999886168970 0.006230921289 -0.036388596553 0.993863086955 0.000019491606 0.006230921289
0.999901835412 0.006232297209 -0.031382810183 0.994307738519 0.000019494458 0.006232297209
0.999914476905 0.006233488040 -0.027343138220 0.994692322176 0.000019496928 0.006233488040
0.999924824894 0.006234528774 -0.024036067431 0.995028237446 0.000019499087 0.006234528774
0.999933402403 0.006235446103 -0.021294597336 0.995324171422 0.000019500990 0.006235446103
0.999940591438 0.006236260747 -0.018996736579 0.995586860116 0.000019502681 0.006236260747
0.999946676271 0.006236989033 -0.017051693742 0.995821607023 0.000019504192 0.006236989033
0.999951871979 0.006237644000 -0.015390769670 0.996032644666 0.000019505552 0.006237644000
0.999956343714 0.006238236190 -0.013961207110 0.996223391908 0.000019506782 0.006238236190
0.999960219990 0.006238774214 -0.012721949058 0.996396640492 0.000019507899 0.006238774214
0.999963602020 0.006239265179 -0.011640657670 0.996554692516 0.000019508919 0.006239265179
0.999966570393 0.006239715001 -0.010691583096 0.996699463259 0.000019509853 0.006239715001
0.999969189917 0.006240128642 -0.009854016177 0.996832559150 0.000019510713 0.006240128642
0.999974534676 0.006241030484 -0.008144991991 0.997122640055 0.000019512587 0.006241030484
0.999978600343 0.006241781341 -0.006844879177 0.997364049089 0.000019514147 0.006241781341
0.999981764739 0.006242416199 -0.005832916298 0.997568087340 0.000019515467 0.006242416199
0.999984275829 0.006242960012 -0.005029840458 0.997742808707 0.000019516598 0.006242960012
0.999986301812 0.006243431054 -0.004381880506 0.997894107985 0.000019517577 0.006243431054
0.999987960049 0.006243843016 -0.003851516282 0.998026398914 0.000019518434 0.006243843016
0.999988313166 0.006243934312 -0.003738574193 0.998055712362 0.000019518624 0.006243934312
0.999990486256 0.006244529203 -0.003043507798 0.998246684739 0.000019519861 0.006244529203
0.999991461086 0.006244817969 -0.002731695641 0.998339362202 0.000019520462 0.006244817969
0.999992293417 0.006245077779 -0.002465457886 0.998422734179 0.000019521002 0.006245077779
0.999993630619 0.006245526367 -0.002037714860 0.998566656091 0.000019521936 0.006245526367
0.999994647737 0.006245900021 -0.001712348954 0.998686509496 0.000019522713 0.006245900021
0.999995439339 0.006246216068 -0.001459116724 0.998787866015 0.000019523371 0.006246216068
0.999996067479 0.006246486878 -0.001258170498 0.998874700777 0.000019523935 0.006246486878
0.999996574252 0.006246721514 -0.001096047469 0.998949926016 0.000019524423 0.006246721514
